47131 47065 47149 47088 10164 93633 82852 2888 45694 78885
25258 25284 25307 25222 25215 66255 30063 26023 19494 12423
32028 32064 16615 32014 31993 87649 15252 3818 6736 89878
44164 75968 41817 76002 75935 19619 39736 17090 45563 104101
67473 67464 67481 67462 67494 8767 74083 77563 62149 51843
89229 89274 89292 89248 89280 67259 99807 17602 40487 26259
13119 13090 13049 6688 13079 83603 4470 14402 14192 22310
49168 49160 6316 49168 6316 6290 16098 27676 19733 11130
17316 6040 17231 13178 17267 66132 76551 3897 54713 12436
82984 105600 105599 105603 105601 5448 53427 6209 26123 64090
8455 100846 100843 45656 42652 5913 36775 96407 3217 93693
7067 7124 7046 7142 7083 1529 41203 28348 55636 74568
27139 27121 24327 27078 27131 3424 28830 24294 77809 12850
2293 42375 9759 1110 42369 28491 53888 101844 21830 27643
11403 66514 66544 51589 51589 14595 84266 76549 6694 11253
80638 80675 80607 80672 2305 14673 85476 25313 42577 43464
67829 30644 67848 67856 67846 44163 20527 18257 68099 9193
20398 20398 20399 20415 6689 36186 74266 82649 64869 8314
85268 85232 85250 82805 85289 11798 58592 7148 80923 13465
27487 27438 27474 27427 27426 40669 388 7119 54114 13270
84352 84311 84336 84340 84344 69413 98413 100754 57473 13597
83631 83633 83664 83611 83690 30087 57807 100393 5054 72349
20616 20620 20619 20618 20616 103932 8070 16922 26251 22121
18694 3247 18626 18671 18639 30511 37020 38013 48579 36665
35621 35621 35651 35679 35621 11164 90614 97707 100269 38872
1846 49110 25869 49081 25869 5124 3423 56708 14426 5808
93686 21612 93688 75287 93657 101158 78327 23103 86773 5251
27668 27638 27660 6714 27645 91097 28847 105862 611 1768
8460 8478 8524 8519 8507 62371 84342 12436 7939 6555
23730 23734 23725 23744 23662 12436 25221 5069 68122 21662
7745 7742 7740 7738 7769 37382 15868 4907 101687 70820
31115 31110 31160 31122 31160 28811 803 30906 13261 68703
15900 15900 15901 15900 15898 47848 27790 13439 1115 25358
88798 88820 88860 88795 88803 68162 10742 71794 1148 86109
10705 10739 10768 10705 10734 6123 39336 26492 23136 9384
89753 89750 89743 4657 89744 20199 56943 317 71516 35203
436 405 360 432 368 14626 11235 98346 62642 98098
33755 33711 33752 21436 8704 44274 24098 6253 28266 29513
88135 88129 42651 49305 88152 45598 42575 38313 54488 4948
16972 16984 16927 17006 16972 6670 91805 5737 29815 29296
25605 25627 25611 8411 25631 34792 2457 9053 25646 66181
16340 16345 16369 16368 16325 48380 10447 224 58531 20945
88148 88137 88126 88133 88129 5881 42326 55282 24605 89686
26595 75514 75560 75555 75529 7216 55173 28828 23407 34733
72181 72144 72198 72216 72218 2315 10209 104823 54285 6747
85993 86043 86050 85982 34941 97873 5322 44719 58541 29531
43315 43318 43318 43317 43320 11273 14257 73582 15358 105718
56933 56939 56932 56940 56942 24480 34629 4176 92784 43484
65528 65489 65486 65482 35152 18182 94665 37012 82899 11892
59739 59719 5595 59789 59749 39438 12819 31309 48828 11145
5005 4998 5010 5035 5013 65261 95318 1112 70082 69498
77943 77942 77930 77901 77952 9127 100804 38882 65065 17236
71678 71655 71661 71703 71653 11284 72 14494 73486 12281
67694 67677 67665 67644 67672 86757 47577 35374 54636 40338
12623 12638 12633 12555 12546 93487 31255 51568 34259 61207
5823 88773 88780 88736 88779 83418 29104 38227 5263 83813
10842 10843 10846 10841 10844 48414 36677 38866 7955 59198
5330 5309 5361 5329 5358 4192 22037 103589 102194 62315
47558 47573 47566 42657 47590 92630 103476 18312 84917 2173
4953 4957 4873 4954 4963 8613 14885 643 14738 31581
42582 42580 42543 42540 42571 10737 103069 35199 44768 44913
96675 35505 35505 96675 35505 84168 38891 20392 51817 35378
1508 1526 1490 1525 1478 14044 72199 6929 5717 35486
102841 102809 102855 20838 102838 4535 6672 38883 19691 10733
7566 72696 72633 72657 72664 70749 5311 55976 54181 58152
20290 20346 20345 20279 20268 15081 63879 103834 13918 8403
29327 29367 29327 29370 29312 84900 1553 18802 11485 23425
2653 2646 2651 2699 2726 13341 8517 34079 72457 17772
52593 52609 52612 26219 26219 95023 86570 54575 23471 24329
22473 22472 215 22503 1420 24750 76362 48082 61430 43043
6384 6348 6345 6353 6383 76388 7586 53860 23440 32654
5236 5239 5239 5251 5170 58342 16245 39399 34092 14283
41853 41830 33804 41850 41887 58318 105802 2047 91756 3915
52291 52242 52269 52288 52310 28196 88584 99408 20186 2502
49167 49166 49172 49139 49191 12072 78787 103974 2656 96544
16853 16826 6705 16871 16869 34037 61283 43058 106129 15009
76286 76322 76240 76273 76333 52745 36672 71930 6730 6714
52256 52242 25175 52254 52267 3525 60097 6463 22747 2133
41855 41902 41861 41901 41839 1303 30169 3520 46426 42956
29240 29283 29284 29254 29279 3688 86972 88171 56359 76659
9737 9740 9685 9705 9695 96581 6928 54834 44767 96398
60872 60926 60886 60861 60887 14790 7622 66164 62920 3104
46948 46920 48 44013 46939 68349 106658 4286 8023 75108
1922 2265 38935 12432 10252 26714 19627 82130 566 27716
8116 8145 8124 8117 8083 62163 97062 1501 31532 1939
6284 6272 6289 6270 6199 2170 14117 3513 20533 54879
64353 8086 64354 11089 589 14761 5492 70696 101546 4422
14297 14269 14242 14279 14323 82313 14804 5324 56172 5862
54864 21146 77216 77235 77183 98954 63609 48572 62016 7869
64974 64975 64974 64974 64974 54929 83332 3842 31235 29097
35336 101474 101449 101449 101455 19065 48359 806 52685 93952
80532 80513 14539 80506 80502 15531 14905 44044 3190 98879
62645 55956 51575 51576 46354 14017 39118 12517 2559 4630
51589 51568 51589 51568 51568 4797 76651 27242 2610 94843
7675 7692 7678 7648 7673 54928 96554 78913 67572 90165
11555 24326 24275 11599 23410 24098 62799 29494 55024 33250
14216 14296 14269 14253 14269 41259 807 90311 93329 85457
80581 25100 80586 80580 68720 24183 71918 77229 2448 11672
60326 60359 60375 60369 60413 25402 5134 77803 54489 45692
57984 57970 33224 57966 57980 43048 3029 42885 12436 13333
7489 9623 22954 23020 23019 89881 78915 13597 23148 94163
21936 21941 21919 21925 21931 2454 95682 32715 27363 86779
25366 39486 36867 22471 39471 27075 8512 32838 29103 55180
23368 23362 23369 23367 23369 491 93950 56473 33990 32623
102996 102979 9157 103006 102997 21333 22338 55645 19584 16056
2002 14824 14816 14839 14843 25689 36702 2888 31622 27601
92735 26264 92765 17597 92774 39556 71828 23966 16684 104847
65754 4385 4385 102714 102718 11547 19870 77764 28039 24300
23154 23082 23114 23115 23114 58370 12570 75533 94382 76275
15392 15360 15374 15357 15368 31490 50616 43961 103917 98520
50621 50607 50560 50549 50552 101450 5255 84803 24430 420
9306 9348 9306 9301 9320 4445 14470 30216 35005 57016
17073 17053 17072 17056 17132 19784 5509 4264 84475 85920
45619 45640 45590 45639 12001 12564 3603 13486 36226 21600
7510 7465 1108 7432 7502 14274 73834 100963 17734 26552
8241 65337 65302 48880 65324 99993 12599 31587 5337 61748
8363 8416 8413 8363 8390 26000 72748 96537 39397 11128
18312 18328 1554 14838 18352 8510 55065 63382 15015 18391
14120 14118 14124 14123 14110 40733 16001 6656 1324 35152
50892 50894 50893 50894 50891 24035 29062 54817 89331 28664
74403 74356 74365 74355 74380 34273 25034 55773 73868 82068
26383 26387 26408 26430 25092 43597 34876 106615 43364 4738
29116 29173 29157 29119 29104 7865 96837 105503 83655 25092
55610 66562 2132 66561 61230 27169 25869 23413 89654 10267
101801 46388 83794 3480 101735 20252 75312 42028 6027 91771
84474 84480 76222 76222 76227 8538 37157 50374 3894 62134
66406 11371 66402 66464 66418 17244 4701 2160 16287 13414
103632 103637 103622 103652 103629 29647 7780 99094 24474 81559
85758 4750 85820 85820 85821 28135 39739 2986 37576 25993
27357 27400 23400 27395 27364 4695 102280 70509 8514 89961
1172 1172 1158 1159 1180 14645 100778 20524 27987 72503
30699 30716 30710 18227 30721 65065 14374 28794 43160 11527
58318 58318 58317 58316 58319 103901 100467 395 57123 14485
60269 60307 60271 60309 60314 38479 32708 15033 106229 693
26003 8936 17341 25966 25977 82309 12183 25064 41987 80018
47778 47729 47691 47700 47726 38889 56383 23510 88572 100424
26147 26167 26146 26137 26133 17582 66731 56633 36633 54614
35961 35975 35982 35976 35176 101560 2339 92670 11104 66423
100235 100278 100258 100242 100259 50692 53160 15248 54833 67045
11927 11883 11898 11909 11900 11258 25501 23041 62610 50568
33368 8891 33364 33406 33375 21242 56517 62832 2636 83263
86895 86892 86896 86896 86892 7210 2830 51553 10102 6015
80717 80702 80741 80708 44378 42142 41853 55838 77582 73911
52826 52844 52891 52850 52873 62083 41372 33286 8753 4216
18225 18224 18264 18246 18248 40430 21105 31630 71062 9996
28185 1480 53976 33787 41516 18227 28185 89732 46431 33011
41344 72290 72276 72257 72288 98701 8131 5929 61666 57544
13306 88596 37770 88633 27999 97876 7995 14287 26600 80237
98673 98734 98682 98681 98735 23293 8534 69555 6349 87663
27155 27163 27217 27225 27180 95174 29104 3509 20684 15304
26484 26552 26555 26477 26512 11174 61072 39097 95148 99349
83878 83880 83892 83881 83873 60311 29665 89578 12354 30753
21261 21248 21263 21314 21335 45693 2223 4816 4087 106140
82429 68998 82431 82441 82424 30750 33580 39691 6459 10321
10946 105348 35461 105336 105374 9956 40493 22654 8560 18194
102702 102702 11258 11258 11258 28164 3451 55358 24473 49827
20640 20643 20668 20669 20679 103857 9304 106575 11903 59017
6926 6883 6883 6852 6916 59968 69232 62966 83219 91937
4846 80807 80807 80791 80790 4460 44426 4688 101811 4482
13380 13392 13402 13380 13384 54435 67726 41828 13235 58608
104607 104596 104598 104616 104619 101306 105215 31802 49189 70379
57361 57308 57306 43100 57316 52746 13313 88624 2559 85236
23238 23299 23285 23286 3858 24203 69044 29765 98431 7754
16400 16339 16339 16340 16393 88629 62186 67725 7104 100447
6919 6855 6926 6890 6940 36181 26596 4385 93103 65491
101656 101657 17342 8001 101650 668 6839 102275 73027 48374
25587 25525 25527 25574 25508 87415 85484 14029 60621 3545
11539 35759 35757 17017 35681 13675 53955 35125 33144 28610
76976 2178 77003 76990 76997 52465 17950 25644 55976 29660
1732 1731 1732 1732 1732 25606 14244 56175 29768 38003
32933 64005 64020 64019 64003 17378 25840 20677 78175 82612
43592 43548 43552 43582 43533 12049 11523 95544 100500 38877
35258 80852 68405 50894 80857 8294 20053 28596 27570 48591
3319 72469 72435 72455 12734 26526 4460 63027 19981 51166
15929 15941 15985 15966 15939 100779 36891 27999 57556 2582
24050 24062 24065 24060 24059 45791 38177 74766 2580 38891
8374 8348 8388 8426 8366 20013 15732 18227 20699 52444
9838 9756 9835 9768 9767 20468 731 21518 5922 7909
104263 104250 104245 104266 104272 8726 26003 80259 97539 102554
88246 88227 88170 88219 88250 15223 7666 72491 21706 40295
33704 33754 33704 33754 33714 28531 16087 97052 5455 58931
15388 67749 67728 67772 67801 5520 49332 2680 28348 8726
3560 3603 3555 3580 3565 23567 25349 86376 87015 37475
57475 57475 57475 53058 53058 104947 27205 58487 30199 58487
45912 45919 45920 45908 45921 5823 93382 96589 83499 76429
56273 56275 56287 56249 56265 101147 52959 28151 36708 20804
79741 79720 79754 79764 79762 13863 73086 675 101223 92375
35165 37121 37125 37194 4631 28439 23449 93175 1597 54494
45907 45919 45917 45919 45922 15845 3932 14593 9555 22454
86640 46976 86624 86627 86633 68797 27510 31551 98769 65729
12270 12344 12338 12349 12297 4655 449 52884 84128 48425
29743 29690 6707 29716 19329 26369 40274 66563 4644 4685
16647 38066 38000 37980 38000 91185 60746 6721 81418 75561
97535 97528 97562 97541 97573 95943 80260 17620 81738 51225
28175 28158 28157 28169 22005 103218 55228 12036 2541 12299
106858 106929 70096 6359 106925 105776 18694 37875 27820 2655
17189 17135 17199 17168 17224 7270 20182 81272 38580 65456
39292 39300 39251 22234 39279 6909 45959 63961 30177 13631
83189 83250 83216 83202 83244 37602 62931 17835 4731 6980
25076 25038 25092 25054 25052 19213 22424 23589 6936 84552
72951 72946 72986 73017 73010 20918 37367 37838 21159 6673
19040 19038 19037 19039 19037 12029 11974 46029 19264 100818
35113 35148 25126 35133 35093 25947 29818 42931 72158 13334
88627 44823 88591 9973 27999 20995 81425 5503 28843 85949
66702 66680 66647 66669 66687 3884 26967 30714 8166 103098
73748 73718 73737 73778 73722 79868 12340 66933 17084 45946
60045 60023 60004 49847 60059 30052 80336 19633 44295 13212
3020 3040 3033 2955 1464 47561 17488 104897 79912 27811
104891 104905 104892 48224 76484 5448 38536 14429 88608 28783
73981 73981 73983 59091 72737 25227 25356 86435 21129 28149
80346 80333 74068 26782 80349 57018 98527 27891 728 47760
15488 15471 15426 15494 15488 8981 21647 103066 25334 27603
16034 16046 16008 16048 16073 2761 49424 28158 79182 98042
36253 36243 36278 3827 36286 33468 14873 93926 1216 44620
9901 9928 9930 9918 9932 29382 4523 16548 21230 88229
23729 23697 23737 23730 23668 16554 53859 6608 22597 43483
56741 56717 56738 56724 56707 761 26183 3411 3092 13549
23678 23737 23698 23710 23737 52797 46987 90118 51859 15183
2827 2763 2743 2778 2828 56675 34277 29236 2600 32667
6065 6110 6108 6129 6070 22676 23243 5929 40394 8186
102259 102255 102259 102257 102254 53604 73444 37589 45109 24828
80170 80128 80130 14674 80176 492 17346 871 16872 26214
235 4177 4182 4123 4184 26201 84641 61180 65460 38284
53467 53480 53489 53467 53453 6242 7146 40213 54726 84303
5725 5781 5725 5750 5803 9517 54409 99526 2019 15856
30644 67890 67819 67857 13614 5113 25668 103440 8616 51292
30017 30027 30042 29988 29993 3034 59968 70471 32253 91084
12926 12924 12011 12922 12924 48276 30042 3032 4276 277
13432 13444 13465 13508 13507 27976 16859 1585 2343 2554
71674 71638 71700 71645 71656 2832 9662 11672 74859 1417
21050 21065 20982 21031 21058 70894 13892 36665 46942 83668
36837 55006 55031 55038 55036 50971 88427 25335 88043 30
18023 18024 18015 18007 17983 38231 53410 80279 7180 311
101000 101047 34481 101055 1731 99152 30032 14960 8814 9967
2032 2017 2041 45 2031 75245 8185 33578 447 61391
80854 80858 80852 80855 38745 29767 80943 98865 68733 5751
68592 68630 68645 68592 68644 17088 19796 25244 105283 10027
28103 28042 28092 28104 28039 28113 31958 13381 21943 831
62647 62637 51568 55949 5329 2498 18414 97802 34852 24188
60495 60547 60518 60551 60497 71105 5864 35314 66055 13241
3362 3363 3409 3357 3349 81885 5328 73980 37 26720
104263 104270 54996 104266 42047 101150 5998 40435 83255 27807
68325 65197 68388 68366 10060 10702 67757 63057 77735 46562
71261 71273 71273 71251 71260 17504 17175 23888 105007 13580
99440 99444 99431 99416 99428 43996 1349 90605 6041 5560
46696 46711 46660 46731 46726 1923 7901 24149 37493 10690
99921 99917 7127 90125 100003 6893 29343 28811 93517 40146
20024 20021 20024 20015 20017 96563 106334 34681 15721 71430
40293 40314 40351 40294 40349 97978 25284 61725 14776 86484
51925 51922 39834 51924 51926 56830 1942 45527 67113 27972
50121 50078 50132 50113 50072 88171 52922 8805 34700 11462
97392 97418 97382 97404 97396 13275 10882 6852 16540 19154
14961 14962 14958 15033 14997 59569 83851 8644 6391 90640
13399 13396 13399 13403 13399 53427 93934 35205 9717 71144
13229 13236 13231 5589 13229 52667 71379 18468 31081 6634
4262 4315 4252 4228 4299 28428 5294 88467 3252 44754
106128 106109 106072 106133 106123 93665 76098 71003 52699 21645
26514 26487 26552 26524 26519 4391 30848 79968 27158 30882
57166 57201 57137 57155 57170 5472 1926 25294 7528 127
27223 27235 4416 27192 27169 23045 29211 88928 47554 20403
24183 3917 24198 24203 24199 103740 75334 87425 62377 10638
2135 2118 2155 2172 2093 3620 71419 1929 68588 13603
71525 71504 71476 71525 66720 63980 42009 88908 3489 28042
39217 39189 39203 22425 39163 7799 102779 6884 36748 28921
6349 90212 79502 90294 90256 11104 69055 26607 13827 51614
5841 8147 8156 8145 8148 21555 3305 91261 7747 72828
5004 11662 3252 11654 3252 44768 65806 482 46299 47833
14919 14945 14949 14862 14929 75284 73316 83110 4683 68141
5329 97052 46354 97052 35 48397 42113 36388 18623 3902
89217 89221 89239 89248 89306 101376 7951 60142 3268 50258
91546 91528 20260 91582 91542 61071 14812 13812 26331 104616
7856 69585 69593 19927 69602 48398 9302 61027 73320 8672
709 93655 93627 75287 5486 89643 68953 21053 33497 97467
85309 85316 85307 26123 26123 16754 7336 64014 4192 76844
8553 8573 8619 8559 8554 21067 52632 98555 8512 55533
3811 3765 3739 3809 3759 46461 85830 56584 6700 85476
104220 104221 104221 14120 104220 25635 70873 1271 14317 8344
51578 97052 55956 51576 35 3261 64532 67972 100793 106279
102279 59133 102293 102303 102306 66344 8663 96295 42539 44098
92964 92998 93023 92996 51843 11129 19803 14937 105697 10255
28850 28857 28837 28836 3298 18625 241 89599 6284 55341
28739 28703 28667 28720 28702 5861 2622 21675 9994 28136
20611 20612 20619 20612 20617 3434 1167 1303 23325 1975
841 102464 102488 102475 102481 11073 38436 63825 100755 16854
68409 56943 68408 68412 68411 2354 32633 8893 101751 16158
57793 57767 57808 14337 57824 85439 91040 40939 8155 27508
1940 1968 1953 1901 1983 14457 65613 33495 19332 8791
86187 86139 86163 86130 86188 97276 15759 431 31757 12377
35675 35606 35679 35598 35608 3039 35198 74498 57331 808
84551 84538 84557 84546 84517 53819 16465 25982 36284 99
4314 4252 4225 4315 4232 20523 45505 100936 46952 103328
27005 27015 27035 27020 27012 3989 11979 69764 8752 32179
5092 5146 5139 5057 5139 2008 19072 72936 19334 37987
59446 59447 59381 59370 59384 92053 28632 71017 91445 671
51589 55956 51568 87737 87735 40059 17525 91819 19779 50845
6078 6070 6054 6071 6050 25002 6996 1753 19951 56408
35255 30031 16931 11263 35214 84666 2536 14454 26288 86600
70601 70573 70576 70649 70586 87302 69803 84757 40642 24941
11367 11342 11383 11397 11388 13639 24306 21656 88931 18873
9521 9528 9487 9556 6598 35516 103467 6535 14193 707
27392 27339 3046 27390 27333 2976 2301 13602 45265 91106
29521 15533 10426 212 29536 1704 72156 14148 27030 43637
61154 61155 29093 61148 61151 65791 54904 3264 73981 18429
18712 18735 18735 18736 18717 83914 8333 21902 58703 25576
8823 8891 8869 8830 8842 13459 48976 7802 12275 1947
10369 10435 10369 10399 10382 28615 88908 91537 78460 24227
18816 18808 11112 18814 18814 54654 43036 23290 3331 28069
6705 6651 6733 6666 6694 99990 25960 44231 103099 8349
1969 1973 1983 1953 1915 14615 14583 88573 101562 12719
15481 15418 15443 15419 15439 94204 11244 12929 27423 5929
91006 91028 91022 6121 91022 35153 85923 88619 7776 28130
65982 65979 66016 66003 66008 3960 14377 557 52016 61265
25175 100531 100553 100537 18712 69045 106618 79721 19304 12937
56641 56633 56635 56644 11124 19870 5746 37916 14410 12296
16792 16836 16874 16872 16815 107096 69553 7728 59899 26236
390 25303 5904 25334 25311 19718 54817 720 7946 88928
49957 49957 49957 49957 53362 34320 14829 45722 83503 29114
31580 31576 3448 31562 29904 636 106407 99885 5215 51012
15312 15397 15318 15362 15323 94762 40669 4776 1235 56481
82837 57836 82863 82861 82824 2360 60394 61510 55745 49493
15546 15550 15555 15574 15580 15690 12449 12375 91551 2590
51369 51375 51375 51369 51368 156 36284 10842 98029 14335
14191 14123 14167 14201 14153 84381 51493 1638 23464 95730
13341 13368 13354 13377 13377 69854 5981 50971 87865 25781
27052 64270 64302 64308 64273 61485 40094 52712 89759 29581
29208 29211 29192 29185 29177 48731 75565 3184 93869 18651
79324 79300 79289 79328 79338 2829 14897 87299 70614 16828
52564 52577 52586 52585 52555 63669 14668 59285 70115 93698
24689 24718 24680 24677 24705 793 54046 36557 32411 82863
23860 23885 23837 23848 23854 17621 19326 73110 40317 80452
68200 68179 51141 68224 51127 94028 12276 76493 36897 89865
9784 9787 9792 9833 9802 85348 2265 33884 38716 79973
12084 12112 12127 12086 12132 7857 5301 71027 10291 58337
100956 100964 100953 100943 100936 23551 2714 57312 7153 10630
90060 89989 90009 1412 89989 60414 82129 7942 99062 95818
1230 1233 1219 1170 1175 28162 75925 4548 70210 14569
72212 72141 72196 72186 72205 20624 44128 5511 17733 13632
106809 94741 106789 29699 23402 8742 20936 38193 96580 84727
91313 91296 91351 91357 91364 51643 58400 28429 28008 56248
40971 40956 40967 40946 40944 85492 65299 41363 102782 21005
90101 41038 41038 90128 90135 11244 69597 5355 73421 37368
13283 13317 13267 13302 13330 72111 37127 66967 101575 89858
7788 7715 806 7719 7756 41304 79657 24745 1904 13543
15841 10039 15808 15881 15809 69558 22615 82547 89637 44013
58109 58083 58073 58071 58097 97924 9995 15170 18287 34878
20936 20911 20938 20953 20920 62969 26146 14441 4389 4267
12044 12014 11974 11955 11952 72518 23302 83800 24088 96778
23888 23854 23863 23858 23842 32176 7396 8180 30122 64296
126 136 127 135 138 99369 51963 10445 92691 88710
69898 69891 46567 46567 61246 28879 105363 48471 68163 59985
106343 22758 106402 106370 106368 18314 28196 104679 64240 101295
23551 53409 53410 9725 37672 21696 75302 13583 84378 83650
40932 40941 40948 40961 40941 4249 37373 2580 82545 31594
27676 27695 27686 27687 8921 3397 38086 13576 63375 52763
37528 24909 37504 37501 37476 82990 2178 101537 3967 8548
71136 3545 71138 71176 71158 54631 85420 59 76100 989
53761 53704 53730 53708 53694 71415 100347 35166 72878 11443
17997 17986 18009 17980 18019 62398 46167 10876 29358 59589
8034 8025 8030 8033 8020 31397 63023 74741 53708 8981
81920 81912 81934 81922 81924 17467 21177 19968 103306 95279
81457 81499 81512 1935 81500 83602 16625 87191 27950 25458
105915 105938 105923 105891 105862 68081 14148 37502 58464 20958
78178 78185 78189 78167 30891 13334 21580 24428 100887 21458
24108 24150 24081 24146 24096 59965 19368 23110 709 88056
12323 12299 12281 12286 12355 65721 76503 91903 93857 14323
10291 10325 10288 10266 10305 56745 11196 4443 44776 102970
20668 20665 20649 20643 8867 18871 98209 11132 63926 31950
63226 59075 23354 63295 63267 96545 105382 2737 45303 96542
63398 63387 63383 63406 41454 66882 68649 94 97903 45472
38604 38596 38627 38604 33292 88884 17546 3939 99078 28352
8089 46567 69904 69872 69878 44890 856 38902 4837 77692
67320 67366 67342 67361 67359 66367 80519 27953 30476 75286
31946 31938 31913 31913 31953 82348 40031 76523 27509 4793
100079 100051 100006 100053 100081 25311 7091 15183 95714 2033
10742 23358 23306 23331 23334 24909 37656 75298 39176 89639
28202 28209 12432 13766 28230 6649 8878 98773 10314 1876
18797 18827 18843 18859 18830 94555 19455 17917 49605 97140
17158 49551 4264 49507 49559 94421 61077 74403 29547 37246
34402 34415 20690 34394 34403 36626 20223 106616 11599 83679
67349 67312 67317 67322 67342 91515 33553 16450 82069 7605
11438 11507 11501 11506 11467 12686 14373 35919 89744 66079
79703 37774 79649 37774 33294 54878 26127 22187 19239 8069
69016 69002 69030 69008 69011 93473 100745 82856 76329 606
16546 17110 17084 17073 17076 8469 22072 14938 76979 41539
35900 35942 35914 35906 35910 89836 68878 8445 7243 82539
22677 82862 82825 57836 82852 94687 56900 806 52981 103102
50840 50840 50845 50888 50796 39558 14905 82116 76333 2141
23299 23255 1935 23259 23248 102382 5581 9319 82828 14832
87247 32485 87218 87221 87220 47830 39542 42167 18385 13098
793 103287 793 103339 103348 21648 103938 17029 12942 37296
28753 28785 17158 28779 28765 7755 25379 94747 12797 76924
8554 8541 8497 8490 8567 4557 17298 10876 95772 566
22997 17267 23031 23030 22961 86793 80943 35186 47459 56463
91720 91759 91716 91684 91686 29079 28160 13230 76335 11137
85846 23853 9302 85870 85855 32205 97295 16146 47749 90875
15321 15380 15388 15318 15337 7951 2348 21594 13236 73369
90889 90836 90861 90844 90893 64915 20164 4565 101852 8511
81388 81408 81407 81387 81411 58554 14463 8798 22677 79390
58318 58318 58317 58318 58319 12354 3050 30130 4899 23907
19008 19011 19028 19022 19008 42870 103977 97784 83479 38886
15600 15603 15673 15684 15632 26202 86961 16564 4180 10799
25366 72512 72482 72462 72448 10664 32184 102374 9830 36183
20121 20111 20170 20152 2870 19238 21495 10956 25348 22302
9216 9218 9184 9198 9195 6207 6535 24253 98242 35237
84835 84832 84862 84845 84826 43472 59933 10255 81934 16260
29350 29295 29355 29296 29350 20438 21430 99308 55126 24513
16698 16681 16639 235 16704 26994 20280 103558 81285 10843
84212 84207 11187 60089 84258 18353 94260 73127 6689 40514
4870 4820 4836 4795 4830 13289 33607 841 51790 43422
96568 96573 96564 3597 4626 11562 55650 26290 54075 93812
97928 56880 97943 97925 56880 81401 13751 96128 2241 22234
38371 38403 38333 38386 38392 106045 4947 12737 5070 11300
18824 18830 18836 18866 18845 43080 68384 70742 69735 21830
19942 19977 19970 19948 19967 20941 89609 28408 66538 4850
4622 4620 4640 4628 4628 17977 54562 14574 694 15841
37771 1752 37752 9522 37787 37573 784 19582 71429 11344
68299 68263 68310 68272 68306 26582 86872 7967 71940 48166
41173 41169 41149 41215 41170 2496 97640 102233 42308 91713
13742 13711 13707 13731 13662 5265 2947 17678 34802 20970
13498 13515 13537 13552 4341 44413 21836 79053 61522 19198
49957 49957 49957 49957 53362 79095 23577 25308 779 33893
16368 16339 16300 16389 1712 28349 2357 80473 8076 76076
11668 11662 395 11669 11703 40040 17382 98195 12072 13860
9320 24213 24206 24177 24222 89597 66808 18732 102525 85142
76231 86991 86984 18807 86979 27205 15693 41798 31033 63635
99097 1376 99098 99097 99119 67733 11093 7622 13871 29125
18004 17981 17997 18009 18019 62150 74769 26095 24198 11079
80252 17834 21270 80181 80235 4044 99134 58725 25982 98496
99846 99840 99858 99781 99770 14444 21573 17950 58987 28055
84697 84693 84650 84657 84688 4793 71441 13651 39535 3025
93262 93251 93246 93273 57311 39678 95127 19610 97469 28888
49043 1846 49060 4904 49107 71394 64209 104591 83432 11672
55582 55547 55523 55565 55508 49846 73491 100125 11170 77497
25931 25986 25939 25977 14832 4919 48565 13207 18511 15176
42303 42281 42293 42252 42246 99668 97483 96583 99448 3869
27179 27155 27175 27232 27164 103427 14925 48750 65812 52344
8503 8513 8530 8539 8482 33987 18300 95543 84467 79978
82138 22519 82120 82141 82126 14669 40741 9729 48444 3314
98427 98485 98438 98484 98430 84197 73144 55189 15826 65030
49957 56944 95958 56944 41118 63611 2055 23173 65810 25951
106853 106853 77971 106852 44346 2028 83284 23835 72139 21887
9489 9503 9538 9487 9492 14933 82154 23021 40824 1331
58318 58318 58317 58318 58316 51449 7624 95558 34826 378
39837 39832 39835 39830 3922 80885 15363 45533 51982 14929
23836 23784 23825 23837 23791 81432 65465 50710 31603 4947
2299 39621 39632 3561 39637 15221 103306 69865 1997 32851
13379 6034 5191 13339 13371 18389 31114 75248 263 7645
52405 54565 54556 54555 54586 2734 32011 8445 79740 18204
62645 51568 51568 51576 51577 73622 28342 73589 40910 9026
42537 76024 76050 76038 76024 28480 44769 58508 28171 54422
30440 30468 30482 30443 30462 56079 10071 46558 34816 23049
49550 49557 17159 49570 49575 79299 3532 8747 86037 98532
12114 49696 49753 49756 49757 97327 15665 80951 62873 16202
55497 55496 46976 55494 55498 84263 21245 48346 102251 27672
47654 47626 47680 47682 47678 94675 65501 47983 73437 3148
6716 6709 6752 6665 6721 44964 29017 36257 41348 38417
12687 12685 12683 12685 12691 69965 71421 78790 8610 2482
56417 56392 56413 56470 56398 16647 86133 76291 96557 4920
14467 14441 14449 14409 14411 25303 20228 92044 6294 12722
3640 3655 3605 3603 3605 21660 84597 47463 17753 86874
103504 32038 103511 103450 103489 67669 15420 6711 8589 59934
64707 42162 12464 64638 64686 35678 349 79955 50758 6094
15408 55300 15412 15408 55303 58077 53208 22120 9688 40314
55382 7594 55319 55390 55390 10678 21679 82528 29441 44806
50138 50121 50076 50076 50132 3544 38082 53200 28266 28844
27427 27432 27421 27460 27445 36146 31490 70069 66345 5160
34981 34978 34939 34927 34973 6508 63630 74560 18265 9371
81292 17820 33318 10427 81226 36719 90276 13399 6345 21959
98551 98537 98544 98551 98558 35892 13639 19584 55082 2390
4322 4281 4350 4262 4323 85792 965 80451 66003 15883
100811 100739 100785 100754 100785 6852 52339 17233 18206 71656
13823 24820 8460 24823 24822 13781 4469 56170 19149 56849
56452 56451 56450 56411 56440 58563 12437 91541 234 5361
86390 86443 86412 320 86465 56303 78758 17156 61841 44823
5045 82755 67285 82782 82815 11974 81249 20631 100057 11359
5102 34243 34213 34197 34199 44712 50445 30634 30286 70911
72430 5874 12133 12133 72421 78198 3827 27652 1406 21868
7182 72565 72518 72530 72549 64906 40700 2160 62431 32749
55195 55150 55194 55118 55187 4832 4442 57966 24909 94788
57664 57695 57752 57663 57736 58335 15245 5554 14692 60473
8996 8967 9024 8976 8977 5595 70130 80689 13286 81100
20239 20249 20254 10041 20211 1297 304 44867 10743 23461
8589 8586 8631 8621 8638 106540 97856 78558 26040 63571
59943 59944 59956 59899 23433 13439 59952 14525 7903 105104
38853 38889 38873 38868 38901 95155 65544 87909 17538 52478
14546 15943 10162 6851 5387 19152 103097 56990 74887 3827
65932 65917 65934 21796 38705 4397 645 50511 8532 88613
102685 102623 102660 102660 102646 82486 65062 59197 8025 5001
104427 104443 104425 104462 104423 58117 49741 36306 17597 76059
30333 30355 30346 30399 30398 21708 8331 38210 2990 5058
6204 55649 55603 55618 55651 23453 21753 6331 56557 13582
68678 68668 68672 68679 68653 6500 101349 12600 76914 25488
21300 21308 21334 21262 21305 40910 83779 87450 82018 101188
103858 103877 103829 358 25992 78742 91584 44676 29356 82858
15257 15255 15260 15262 15283 9509 17074 5883 4784 56861
7148 17949 17889 1801 17605 7666 48731 86443 2300 10269
59 45907 66538 18515 35 40441 14429 104496 8228 27529
49488 49458 49414 49453 49422 47857 13261 91190 61610 6171
3930 58121 58121 58123 58122 14245 68593 88945 17755 16491
78230 12920 78206 30891 78184 1948 60108 58405 6121 56469
78115 78154 78133 32110 78132 71728 16877 78821 13045 68587
26664 26602 26632 26620 26657 12162 29948 27831 26594 88913
78748 78756 47557 78757 78742 8019 24157 58921 29839 16483
53362 49957 49957 49957 49957 23655 12991 699 51587 9997
19722 19680 19670 11225 19699 71043 39427 23943 8067 8920
17795 17732 17784 17791 17732 570 89769 65291 85058 69503
51369 51369 51371 51375 51368 6205 94776 71484 16401 24309
2569 25871 25859 25834 25801 25106 51277 39612 46983 13215
5536 5519 5529 5509 5468 14878 75599 56959 23421 71056
5761 5750 5757 5806 5793 7925 13969 56916 86997 67804
15779 15790 15854 15784 15839 66122 428 45372 54676 618
7996 8613 19051 19065 19037 82553 106674 20087 14431 15100
5264 5294 5298 5294 362 272 42463 12321 58060 9198
68405 68403 56942 38745 78561 19446 10671 13408 48506 103397
46354 46335 29083 46361 46323 34931 13659 6204 20467 48744
21630 21647 21607 21631 11081 25419 88958 35191 40323 75431
55047 55082 55033 55082 55046 72755 66838 2715 88736 48380
104812 104729 104770 104816 104740 103415 8294 27961 29068 67149
50107 50057 50086 50138 50116 5349 55977 27994 941 15179
49037 48997 49022 49038 48998 25359 48327 57860 31051 14470
42975 42965 42985 42963 42977 2869 876 8818 76403 26657
10152 10233 10149 10228 10233 75060 70123 15572 3112 7953
79697 79633 79701 79687 10303 49327 42004 20597 18408 83232
87489 87513 87489 87512 87561 9572 59086 31261 25177 85420
69869 13588 69936 69936 69930 78727 44774 28160 79148 6595
7754 7715 7798 7740 7764 84298 33763 262 97347 7982
64962 60996 64913 64903 64890 83449 75669 105098 38929 15434
61235 61233 61244 303 61271 71827 101083 5475 30125 81224
39059 38994 35281 38999 38997 19146 82113 28703 8541 35016
27863 9555 27917 27928 27917 68172 33248 588 37148 23144
22203 22171 22186 7458 22229 12031 32664 54827 24692 26360
84346 84479 566 84346 84469 80846 86911 68329 60926 25339
9999 9983 9959 10011 9978 26669 88767 8693 62170 6077
80318 80336 80352 80362 80346 17928 46293 56075 41173 79783
27438 27400 27424 27437 27420 7719 85305 80730 12587 5191
19735 5448 19717 19718 19711 21704 8071 2723 28783 18432
8264 8297 8319 8315 8281 96570 52666 104269 710 61826
14895 25501 28113 28067 28069 61028 70689 13588 11555 2746
48843 48785 48806 48811 48797 91525 32716 11161 28921 806
61685 61688 61688 61688 61686 2657 98210 57337 23064 92210
5625 5642 5683 5676 5625 10867 72231 96128 3897 65446
49027 49009 48997 49036 49029 74469 49629 63894 102833 8399
40723 40740 40717 40722 40760 2278 19300 18464 17880 63310
13325 13253 13318 13238 13284 26311 64267 4737 61824 68189
2701 2695 2728 2745 2747 27607 9511 11176 3613 105783
53923 2550 54000 53955 53964 26114 64238 6849 49453 29072
13258 13287 13308 13314 13309 8539 45182 34323 25966 52688
12182 2323 12186 12230 12256 34845 24643 17296 94609 9830
75287 75257 75279 75294 75286 25554 5845 6005 2921 29213
18494 18510 18500 18519 18446 53855 79301 58514 472 44852
18019 17989 18024 18020 17995 46987 32777 24485 16644 63943
99439 99446 99427 99432 99444 28808 24415 16483 72666 27813
26420 26441 3737 26451 22092 24238 51006 49570 15040 56254
15182 15205 15236 15260 15181 61798 67246 38906 73695 70904
96698 96692 93794 32434 96678 6541 62775 54015 26667 89933
25303 63271 6373 63267 24811 62063 31894 45658 45262 20169
35937 35928 35937 35912 35880 571 103595 50850 13048 21806
1599 1634 1611 1593 1607 2592 63909 4850 92382 58222
10493 10491 10428 10445 10455 76615 52558 11587 22908 8784
75122 75073 75106 75102 75117 54932 52935 45694 36137 76933
95323 95366 95318 5746 95351 83391 91823 7845 39084 88635
29491 29483 29540 29515 29500 7429 19699 69593 4530 4587
68647 73855 73868 73801 73814 4077 88201 17767 10282 13889
100353 100389 100331 100386 100357 50031 98531 100097 10043 39659
61935 61944 61908 61895 61940 2639 25940 39473 73996 16935
98439 98459 98417 98483 98413 25097 84553 4183 21839 9714
4416 4420 4434 4407 4426 13347 89828 65528 33286 13450
37247 58286 58293 58248 58293 15297 5990 29853 71416 38868
9868 9855 9839 9802 9806 102323 50721 8970 9981 71492
17561 17611 2265 17575 17549 4716 15854 6686 83129 58504
58896 58864 58896 58946 58933 45123 34123 14450 23051 103774
77560 77583 77585 54040 47621 11918 59585 96273 22220 86781
4731 11363 11403 4720 11380 90955 11281 21135 7900 72771
2342 2294 2329 2313 2317 100831 101275 664 75274 469
17394 17410 17336 17409 17319 23411 5001 49497 16644 13078
97900 97922 97864 97855 13863 56908 75168 83694 13464 91737
80857 38745 80856 35258 80858 67355 101795 4622 106066 56931
3053 11368 11344 11403 11339 75494 14549 94363 26217 86155
2978 2993 1483 3033 2967 104186 90523 6463 83690 55643
77503 17564 77469 77471 77450 19056 13272 10305 82281 53581
22348 22325 19458 10439 22279 16490 82486 69545 91097 24382
12567 12537 3896 12580 12569 96557 23030 17104 73626 47866
77332 12135 77325 77332 77339 6664 27644 8089 106623 2547
104685 104689 17878 104716 77289 13651 23023 66174 95148 104868
30647 30654 30650 30608 30632 4591 16310 86510 42252 1475
20838 7983 7983 43812 43812 13872 54458 14106 37518 25233
11181 11224 11230 11232 11251 23678 94964 99837 13652 21063
4657 61686 5936 35513 65629 14456 65973 26457 74631 25289
16155 16199 16145 16140 16144 57843 5311 29898 2780 55506
2627 43961 43958 43987 43957 11174 21287 44196 86832 10110
59799 59741 59797 59758 59773 91473 10867 20667 3027 12599
3967 58253 58239 58227 58264 35457 12582 9361 103423 17405
42424 42417 1749 2293 42377 1836 22444 15967 104109 2128
20842 20786 11142 20786 14822 44733 82961 101281 1950 75917
23650 23599 6656 23587 23655 98053 8585 9157 2029 58239
86872 86816 86881 86816 86850 91830 34906 17115 103054 27006
4649 4639 4658 4660 4647 10768 17431 32725 9544 5333
57173 57210 56338 57177 57128 13917 9158 56246 11256 18258
9632 9655 9641 9593 9621 101605 9265 1188 5858 7071
71502 58014 21773 16141 71478 87212 82126 8166 11221 25868
88917 88874 88882 88915 88932 9699 14257 13602 83669 38064
65143 36702 65137 36702 65080 19677 64178 28535 13891 2639
22984 23030 2814 22984 23019 34782 44746 50114 103520 5929
54183 35888 54149 54189 54172 638 25071 16475 44675 96635
33833 102217 102250 102247 102237 1720 64013 88919 22624 4292
19482 19473 19466 9911 19413 37436 22947 25926 17528 21097
86739 86795 86790 86745 86755 20567 14253 38139 8677 103217
59091 73982 72737 73983 73984 4114 22498 72065 9506 2500
8460 24822 8460 24820 24820 7939 29116 28529 31610 45571
358 39879 39865 25934 10043 99278 40394 103200 83610 70313
41313 41258 41303 41270 41313 88 34579 6201 81394 15342
38668 38610 38614 38673 38612 42213 32957 40458 27999 69738
72481 60226 72514 72435 72481 68082 21354 68610 12832 42342
18494 18508 18462 18479 18479 2148 12256 101988 8971 48547
78925 78915 78861 78919 78896 26369 54714 102562 42579 2242
78754 42633 78753 78744 46473 12927 15959 23441 47734 44506
12049 98858 59256 98865 98897 7260 85164 14660 100597 25919
32363 106043 105986 105967 106030 28253 942 72695 7535 16348
73923 73913 63636 73961 73892 23629 23522 29088 70481 5905
9276 9218 9208 9182 9193 92402 14913 6857 38559 28998
60930 60925 60856 60895 60871 100526 88916 1631 23897 27172
41344 41411 41325 41384 41383 9711 9121 90845 28151 28502
10209 10194 10197 10194 10179 13649 22605 16369 25017 100673
104167 104204 86725 34312 104192 5654 82118 56521 49998 56879
31768 34290 48660 18552 48658 25092 91951 42004 3939 81817
70480 70476 70446 70410 11246 27929 17270 47709 6598 80169
40241 40240 40259 40272 40225 20917 22164 13431 77799 37038
17066 17140 17106 17094 17148 26390 13616 44004 103948 36126
46454 46436 46478 46426 46435 24763 54379 22604 10010 65717
97947 97947 97946 97946 44361 20127 75291 11491 84342 25212
91125 91157 91125 91166 91124 47676 69967 12283 26214 4839
104970 104932 104950 104919 104942 50385 84796 80493 72057 4181
4562 4563 4557 4575 4577 8806 7969 57727 103177 19912
82805 42697 16922 82742 82809 82000 18896 55475 661 58442
12437 12617 12599 12602 12680 59585 101403 51855 1163 30104
23649 23649 23654 23652 23687 58051 2625 1843 9555 2383
8601 8589 8557 8623 8580 76484 29951 59462 21182 106602
84313 2720 84369 27000 84342 507 17273 12783 89578 99961
35265 86619 39831 86637 86624 91790 85048 11152 28496 6401
47561 91663 91624 91653 91623 11969 25392 8186 43336 9901
91435 91452 91486 38997 91494 8061 18258 7350 94672 10475
74924 74990 6808 74944 6808 82884 6741 13945 62465 40335
17035 17006 6513 16985 17024 81524 1559 33866 38100 41295
54606 54657 54675 54657 54606 17661 18144 10444 38286 7636
34132 34155 34081 34115 34087 20345 38871 6741 59035 25111
43053 43067 43033 43091 43072 8453 256 37656 82147 26382
82919 11218 13781 43719 82950 67785 26237 4397 9677 4813
42110 42108 42133 42094 42048 6200 44239 45348 6534 78011
4789 4791 4788 4791 4791 81237 14811 76125 72129 14608
43984 23007 43904 43962 43916 3249 56117 4316 91794 2921
13487 13469 4535 13421 13498 85465 94704 17260 611 8513
43433 17788 43483 43432 43470 13406 45463 18962 1809 28116
12676 12613 8096 12663 12633 6721 24526 28677 13131 20055
453 403 418 446 471 82040 7931 86397 539 38955
20165 20133 20134 20152 20139 93673 58369 28869 15036 25875
8891 33337 33396 18080 18080 88887 16283 32231 13305 11352
21913 21855 21907 13242 21832 105925 23086 48579 32421 38848
14386 14388 14386 14388 14388 80365 95753 31937 1115 21637
60725 8698 60692 2395 60680 2145 1322 28366 13289 23377
61320 61383 61400 61358 61391 3869 77100 52072 6513 73617
82484 82513 82505 82504 82497 80846 72678 79671 45623 38874
51545 51501 51471 51549 51520 80286 36236 62194 39608 87435
79217 79274 79194 79239 79248 73968 75408 27163 13469 102224
11367 11380 11366 11363 11342 13607 11042 69874 45734 37450
99962 2720 99958 99991 99942 34526 12501 67563 61104 27292
31649 31701 31636 31645 31695 3251 14478 18567 74341 55947
13304 13331 13330 13333 13282 83431 1324 34326 3138 51736
11668 11625 3252 11644 11647 105927 47995 101409 91718 32289
102022 102031 102067 101988 102032 29833 21268 96898 26244 1438
43699 7336 7336 7336 43706 66696 94241 52075 84643 8488
21082 21098 21109 21156 21135 2622 19232 24705 83210 10345
28339 28396 28343 28345 28378 76450 23578 62508 78909 8460
50587 50607 50542 50546 50547 53978 48325 38162 3580 4044
64496 64514 6061 28057 64504 19854 24397 32182 46285 65524
29983 29935 29949 29980 29981 105701 102664 28968 12754 40904
21287 21336 21268 21294 21304 85646 38256 84340 15895 99147
21986 22037 22014 22038 21996 12689 71989 24671 102996 52862
79630 49957 49957 79629 49957 62771 4871 9099 10847 23457
3506 3518 3488 3494 3520 23862 20392 25489 65112 12029
85476 85479 85445 1705 85458 5015 47613 53227 94674 44731
3267 3259 3304 3252 3249 27508 14526 53973 44398 23325
49954 49955 49957 49956 49957 6736 101770 96542 89059 3619
89923 88771 89983 88775 89949 12314 98102 51589 68735 2594
26212 56973 29383 56973 57007 21834 25252 14366 77284 4409
42656 42650 42639 42647 42649 72456 11170 79395 25879 59445
5578 5610 5560 5568 5590 32419 8560 24671 14830 27098
21887 42718 42723 42697 36917 4311 7018 3341 4948 88488
18133 18090 718 18071 18124 95701 26636 14305 28406 10653
8652 8663 8661 8663 8651 44620 73626 28515 62424 85755
85151 85142 85161 85192 85200 51707 42326 20463 56038 4882
11109 52381 52392 52411 52392 7528 11554 27460 51707 3663
6244 6240 6209 6250 6247 23446 104873 80689 22947 6154
21665 21678 21648 21640 21709 8457 41563 10948 23869 14967
13090 13086 13043 13099 13045 66183 48780 4713 82836 79866
40766 40836 40770 40776 40780 74903 16076 62626 41798 48744
103357 103359 103359 103357 103358 4569 55767 70163 42196 74276
82429 82422 82441 61785 82424 97178 48614 80393 7897 16752
1502 1515 1534 1527 1463 23025 31763 45274 27675 11584
36881 36870 36870 36859 36885 10631 65998 79721 43523 35783
23337 5004 23330 23306 23331 30466 38551 96397 39156 18816
70126 70097 70066 70131 70091 14540 17082 64794 5254 21996
10016 9963 9936 10017 9976 21225 9079 14996 6555 33868
40779 40822 40827 40816 40797 84240 25524 2178 36864 14299
90128 90138 90083 90125 90075 58069 34308 70612 37552 74550
4433 4420 4428 4425 4413 27519 25431 76234 17595 106163
6116 6191 6128 6103 6125 7346 859 56579 7209 69341
36956 36704 38778 21051 38816 3814 88579 22184 62299 6505
22721 22709 22731 22755 4803 7350 11584 87693 58319 18634
25511 25556 25566 25559 25562 89891 71525 31516 32716 25902
26845 26767 26767 26811 26764 25284 10320 25263 86805 21199
69967 69997 4574 70017 69994 16552 14446 31168 8507 89093
36090 27508 36055 36083 4706 58747 2665 18691 101537 31180
7218 7170 7188 7211 7207 58743 21092 25837 54118 2848
56438 78006 56456 78031 78056 19037 27712 14411 68040 26259
3415 3369 3356 3359 3360 7454 8538 25722 60613 103200
12247 12234 12272 12179 12219 74054 54377 16837 52990 58993
5329 98653 51589 51568 51589 15097 5515 27800 51284 88208
4750 41992 10743 25848 77250 59805 10384 74811 101667 17765
1159 94949 94948 95003 94950 7854 19827 68002 105763 6544
11441 20708 20757 20699 20763 88246 22280 7597 13754 10803
95492 95480 95500 95544 95546 28898 19209 38081 2584 32765
7318 7266 7256 7285 7272 20364 17431 5408 93142 8125
17953 17955 17911 17943 17943 34536 61763 52719 43352 20369
232 210 197 230 230 16938 61730 49523 100715 67536
18801 18802 18814 18813 18816 2523 73422 37310 87086 29459
1760 1772 1760 1768 1800 44295 20174 60745 3282 30765
106673 106720 106705 106746 106720 99070 5102 499 29547 19134
45249 45196 45242 35378 45215 5486 31090 49305 101660 68943
78412 78382 78356 78380 78362 60983 8971 70128 62407 104417
3687 3674 3671 3678 3691 1943 103944 100679 6349 21962
47238 47187 47203 47227 47211 39451 53558 10220 14996 90214
4682 28510 28497 28543 28503 58359 56411 40778 76516 35912
53276 53350 53274 53328 53277 25642 20023 28393 54486 61874
99446 99413 99413 18801 75663 60472 16660 60558 102589 37195
28596 28595 28594 28596 28596 43108 74747 3864 5166 85497
29032 29064 29055 29052 29053 106780 51057 14451 42893 93463
44237 44203 44212 44228 44187 1914 35074 11308 7892 19975
76275 76258 76302 76262 76240 32530 2873 42502 7276 7762
4776 69205 69165 69185 69204 48226 61793 38933 39626 43498
68752 68746 68781 47597 68771 38533 11597 21511 7608 15433
27721 27693 27697 27704 10817 6834 14451 100082 55424 21228
47435 85303 85310 85298 85307 22677 13836 103276 10863 2241
24659 24701 24720 24663 24657 26701 36317 6633 99241 86777
21931 21936 21919 21941 21923 80457 80440 80440 702 7701
98832 98830 98839 49957 98834 6267 55331 8019 18777 78661
8945 8956 8968 8979 8989 103845 29646 67362 31743 82923
80077 80046 24774 80019 80048 42673 54502 17202 11275 13339
47145 47063 25100 47077 47092 23619 103593 10449 12049 12851
19902 7278 7296 19902 18257 70278 16340 55031 29139 102559
5712 5709 5623 5642 5645 74419 45747 40763 10267 3208
18155 37343 37284 37345 37291 5908 5258 16619 104597 18578
83400 83403 83418 83377 83400 11131 9380 74273 28202 44104
4507 4493 4478 4467 4534 25536 59576 94230 8469 77245
76422 76402 76375 76411 76411 12181 23886 38184 87589 10666
89057 22114 89113 89068 89116 82100 40069 58956 56408 17005
10742 10762 10801 10809 10779 9150 6348 39397 18712 3576
92327 92367 11650 92368 92314 65591 70355 40370 56790 10849
13001 14212 15438 766 15379 52383 31017 82399 105182 59044
1398 23983 23995 24015 1390 35817 45022 40353 12001 37531
100505 100539 19747 25164 100523 74932 26621 817 25581 43608
77952 77909 77908 77947 77951 60662 2523 48720 31989 2395
61757 61689 61701 61765 61738 96580 60900 16640 75252 20661
37713 1110 37674 37658 37669 8608 1942 6200 3475 64881
36337 36413 23897 36364 36327 88872 51936 5134 30715 42308
31515 31452 30302 31535 31516 75473 5068 25732 14266 3520
30383 53068 53127 30383 53131 22423 4661 89878 97675 6114
76195 76152 76201 9759 76208 6005 54436 23925 6378 57242
66841 66841 66866 66857 66855 37823 85483 42013 32716 83294
48193 48155 34756 12243 4718 28310 18089 21522 7658 57350
29946 29946 29900 16894 29936 104940 7663 17821 6412 36972
13369 13367 13341 13354 13355 599 86779 15584 6032 8909
45 45 34 34 82 96928 2873 23077 93352 22967
76646 76640 30010 76597 76637 88200 16601 95960 31594 6076
53155 53175 53169 53240 53156 100428 62577 17151 27868 61378
70637 70623 70643 70576 70629 360 37343 23834 14811 48764
51202 51204 51210 51197 51195 6349 64152 6664 57029 12556
22990 23073 23024 23029 23045 19215 49009 5528 28271 63364
84407 84465 84441 84431 84422 75452 4583 17883 23146 1944
24280 24317 24240 24304 24275 75334 96847 49864 18519 28197
24820 8460 24822 8460 24820 105459 4162 841 71068 41629
89594 74590 12084 6290 89588 66050 36700 28246 5482 11057
72404 72395 72329 72380 72393 7403 2428 98844 83440 22454
21481 21468 21416 21437 21447 102786 20618 65136 38170 50598
88762 88735 88753 88774 88772 6203 285 72744 6886 88877
63905 63948 63949 63953 63972 63997 6290 6529 446 28196
4734 4738 4715 4735 4719 19091 2249 17746 15054 20717
30434 30439 30434 30436 30438 5057 89661 2289 85670 100791
6896 6896 6862 6868 6898 65496 23007 33117 48119 17299
7620 7602 7619 7654 7651 2510 11294 9092 66390 12278
26886 26881 26881 26946 26941 7471 91042 4250 13639 66967
31938 31963 31916 31975 31901 26623 84845 5328 26946 19249
44341 74977 74940 45077 74977 19168 23307 4734 26457 743
90434 90419 90443 42299 90437 9668 45077 13357 44133 41260
19668 9631 19615 19593 19603 2865 26663 7596 57803 31410
62761 45031 62749 6290 62758 40375 12243 7303 23592 45164
29019 29023 29017 29029 29022 84337 40448 5546 81752 78090
66166 66139 66139 66176 66192 101254 42754 42102 65583 38385
7707 1398 7632 7635 7685 82872 16869 88444 105828 2622
65242 88561 88530 88541 58069 90073 11606 12975 87886 22913
23214 23213 23147 23155 23205 94994 90384 1823 13657 30452
100665 100713 100675 100720 100679 98010 46119 38880 53797 46307
12906 10445 12906 12900 12902 100199 84285 97467 23043 30687
89498 89542 89526 89482 89476 69854 2995 589 94532 44810
7265 7260 7301 7228 7286 74988 49393 95130 32557 11800
61922 61909 61955 61897 61944 1200 23964 11258 102346 2625
88947 88869 88884 88864 88890 54268 48275 1809 742 6796
44637 44666 44640 44669 44661 58362 75297 24838 37813 49571
54228 2994 54234 54217 54261 81668 13802 60702 3516 42899
37909 37894 37916 37966 37901 2603 19929 25290 10245 27352
103627 34418 103624 34418 103625 61295 2813 64079 7477 44361
61234 61286 61236 61284 61234 15787 7965 73919 58232 104496
16308 16367 1192 16339 16299 4429 20486 67924 42536 105453
53517 53556 53565 47007 53560 11331 27331 12406 35112 48775
69834 69820 69812 69844 69865 5191 25995 25808 53012 51457
41217 41218 41164 41191 41162 54563 3163 3529 17689 21532
47067 76525 76512 76525 23409 31805 14449 21597 77818 18981
21897 25212 95093 95084 3319 44675 76110 318 3423 93485
14121 99573 99526 99538 99581 9727 14538 15248 34674 18361
93051 93108 93083 93115 93118 31420 90416 41992 25718 32242
32690 32716 32762 18329 32701 45480 2545 28055 33131 16160
72858 1498 72839 72854 72839 13297 1115 54467 51482 4240
6171 32491 32461 32463 32508 7063 63637 64361 100735 36183
63101 63050 63096 63061 63098 28105 24608 32512 59028 16551
35450 35459 35473 35441 35486 27381 6402 13292 51993 25400
589 24867 24828 24896 24837 81428 12084 8735 89613 7454
92989 51843 92965 92975 92967 6207 76267 81932 74731 11233
86489 86476 86534 86490 86536 65730 27975 84306 37021 17261
96449 96491 96519 96467 96450 27657 100719 11448 20036 39049
87622 87602 22876 87610 87602 26469 17107 89313 19015 22880
72430 105488 105480 49297 105489 42326 42257 38305 97857 72975
95175 95207 95198 95222 95196 8770 25659 104246 23571 17648
81492 81501 81495 81467 69934 6903 33881 72353 52971 9081
77988 2720 78020 78015 56436 8143 83175 107105 30730 94041
80552 80504 80546 80532 80509 82451 64844 24115 40439 55798
17907 19373 62948 62943 10043 31978 15033 71556 63575 10665
22294 22324 22317 22306 22252 23388 12293 50136 18269 25690
27764 27791 27787 27764 27822 34985 46436 6905 55791 20626
21050 21069 21037 21028 20991 22658 90114 72119 5179 11305
61553 61527 61539 61548 61531 97474 57997 43869 13756 16624
8116 8147 8145 8166 8142 91093 11090 13431 70870 73681
38138 38141 38132 38127 38089 14096 64886 38559 106241 92162
94052 94054 94034 16673 94069 6550 42909 15433 58868 58027
27721 27724 27746 27758 27757 41590 56146 73363 62891 27004
15825 15813 15841 15795 15779 232 42105 8211 6808 18448
76686 76701 76719 33293 76689 64243 5322 2928 91495 10858
93097 93096 93046 93110 93078 1785 74749 83193 28405 11258
82851 84572 84614 33090 14244 17853 39655 14918 33050 7798
91199 41112 25118 12160 2178 23886 103847 3364 3917 70490
63406 63397 63386 63406 63387 37484 44904 23433 63909 701
24336 24369 24397 24325 24337 41001 1827 100718 19951 19815
11985 70176 83847 83847 83806 27175 89856 38748 98215 578
23147 23161 23144 23121 23143 30258 64255 89812 27716 85714
15898 15901 15900 15900 15900 25874 11267 38391 14783 40375
53694 53708 53753 53759 53704 26680 56869 20239 44858 12664
58093 58068 58030 58062 58063 6485 80899 42006 85940 91462
35652 18552 35599 25473 35615 28666 37286 22653 10028 103632
24331 24365 24378 24418 24395 23460 97149 24280 14512 24417
18613 18590 18592 18548 11002 27225 40750 8869 23007 29163
35072 27701 35077 35004 35047 18390 82633 25337 11441 20056
56766 56777 56755 56790 56789 7416 87978 53877 23981 54544
43230 43312 43258 43300 43221 17056 29331 1576 48136 36193
13224 18671 18673 18672 18672 78934 96279 24377 106222 2848
5234 99141 99127 1674 573 94753 81414 85957 29711 20484
11899 11927 11893 11880 11864 93895 57084 46324 7265 6896
27771 27794 27802 27755 27809 13591 12063 25336 11178 45569
9862 9887 9911 9850 9842 86397 5407 2485 50910 11560
101135 90542 101125 101086 101079 5896 54949 101299 23758 26667
73982 59091 73983 73982 72737 105159 3561 69764 80088 26327
392 396 387 390 386 605 26860 44830 24325 124
99864 99846 99805 99789 99840 9143 71983 30129 88594 35258
7336 7336 7336 43703 43695 13969 31649 52583 35249 742
15224 12075 15183 15152 15198 12522 1809 38878 42094 72380
99757 99759 99701 99704 8939 26872 308 22362 17007 100750
90673 65859 90711 90626 90639 69956 2281 51729 9092 1087
59974 59955 59955 59976 59943 12666 14521 21532 4799 27629
48117 7862 48123 48071 48088 100948 12667 3657 74773 2921
106286 106310 106324 106280 106329 14410 48184 449 8599 368
7229 7168 7146 7205 7227 44889 29526 14816 70405 453
26964 27030 27028 2000 13980 18485 48593 29540 4631 81169
25594 25594 25625 25614 25617 8814 704 58044 96393 34047
57759 57761 57759 57765 57760 37857 19353 24333 2568 106154
83196 83168 83211 83165 83226 6240 16183 69417 13287 14216
14955 14883 14928 14876 14880 68402 26164 25091 24609 66260
30172 30226 30160 30157 30224 76339 48936 61028 36570 8726
91253 91251 4343 91257 91240 13659 83091 18420 75861 29594
33787 75829 75769 75757 75803 70911 106231 28889 22868 74068
19307 10265 19283 19297 19293 55166 4579 85290 27796 1925
28852 28844 28877 28850 28832 16229 8704 98124 26037 21723
26869 26919 26921 26881 26887 64334 3912 7825 84329 18398
80063 80096 80018 80061 80028 61552 42201 75414 83655 87886
26582 26607 26624 26617 26634 81824 23399 67686 12530 106656
75790 75818 75757 75823 75831 64428 6010 106641 17108 410
19826 3054 19796 19766 19795 47828 75251 7600 90723 100764
62188 62258 62258 62249 59 10150 8981 42919 9676 7947
68028 68028 33879 68013 67994 89825 94881 1406 69519 48744
68313 68397 2506 22918 68325 25767 29356 22396 13121 3847
13231 13230 13238 13229 13228 15112 230 6602 18856 33480
28834 2178 28865 28870 28869 6151 1054 47011 3576 62789
21640 21660 21662 21662 21661 9759 102310 2366 33942 38830
102444 102460 102466 102466 102447 54811 89818 91446 30846 6535
34672 34619 34637 34653 10736 1979 11150 41493 11919 17821
24799 24748 24801 24755 24799 88619 69607 32670 10672 101619
69580 69590 69581 60215 69612 18511 97465 73143 75287 54580
35142 11304 35142 35123 35148 48224 12473 14339 2281 28342
65398 65373 55715 65357 65413 10429 98957 91625 10806 13355
78913 55023 78907 78895 78865 89109 30428 636 94365 105410
12924 12924 12926 12924 12926 9357 26012 2886 28881 50543
71176 88473 12464 88477 88453 26560 54728 100715 73778 12394
44851 13018 13018 44826 44795 12301 14193 14564 64450 63250
11443 2844 11454 11456 11462 8541 98742 99443 35167 85256
104386 104349 104349 104367 104390 14123 28551 19699 102354 97035
49378 49307 49382 49321 49369 72342 55511 60124 16180 92929
46956 46923 46920 46920 41107 76580 62639 24540 33090 89866
15535 15510 15565 15536 15526 19715 65866 24428 71529 21581
88804 88830 88814 88795 88856 3015 31592 12272 7994 66030
78601 78648 78603 78602 78648 5044 26949 14477 103000 51712
1712 1705 1662 1686 1671 17003 84809 15411 89639 50409
14244 3905 37450 37450 11952 23700 62147 80469 103039 23894
1053 1087 1005 1003 1026 28811 23087 91 7328 14339
22069 22027 11532 4391 19590 5920 71293 2366 51488 27770
39834 39834 31754 39831 25348 30 7404 65396 76375 2893
9452 90717 9452 90724 90724 53759 104248 32208 63912 11249
19743 19736 19759 19778 19724 93966 13699 8002 27695 74806
6682 17920 17891 17950 17904 5287 52816 6015 60146 4505
35384 45025 45058 45058 45012 56065 619 34724 14289 57509
27510 27524 27504 27516 27585 80725 13675 62736 50616 92387
17051 73051 5356 37699 73063 13836 22322 7708 61078 39424
3402 3363 3408 3437 3381 36983 106200 16614 20970 11137
77640 59437 20274 95618 83983 66867 96950 13305 13774 90144
48543 48560 48520 48593 48556 57084 4008 164 96577 86024
73243 73228 51134 73257 73184 91800 36557 1769 24248 40172
90369 90326 11243 90324 90355 12276 29088 8987 22880 16731
9368 9389 9461 9413 9459 98438 19993 20559 40375 8485
101955 101948 101912 101958 101942 53806 23498 86931 13304 90674
1316 1319 1306 1390 1350 49138 57111 50600 97862 106396
43060 43116 43110 43062 43105 18625 80097 25337 43598 67641
23428 23418 23424 14018 23377 12464 16126 67425 89613 90596
103009 102998 94749 102982 102999 12599 7886 97491 12299 86889
9641 9639 9652 9661 5964 18297 23589 39477 105456 3516
8587 8610 8629 8585 8593 88461 102265 10798 35982 17004
19250 19267 19241 19288 19279 78729 89019 7647 72065 33320
26855 25968 26835 26869 26845 86885 9978 86510 59580 96603
24391 24342 24372 24368 24368 59898 95721 84220 42203 8531
99098 99097 99097 99119 1376 34171 32923 1949 24236 29568
4371 4391 4384 4359 4370 21553 30918 84296 54768 53413
21910 21930 21943 2908 21914 26382 45670 40208 94036 16673
51190 51204 51184 51210 51220 10477 2086 37413 32501 4901
100834 100840 100839 42684 47564 16025 74333 13780 7840 77720
6427 6423 6431 6349 6364 14555 3320 84308 23453 48733
3136 3137 3062 3095 3065 44753 104603 81079 15895 3852
75020 75040 75019 75052 75054 3054 26223 60974 99210 41302
12956 12939 12916 12936 12952 58803 11371 39473 38890 26355
97937 97927 97940 97938 97945 80959 106001 65080 67389 16859
19902 19902 7278 7296 19902 26640 12305 29520 35193 5224
2612 1823 2632 2613 2609 87086 106624 58064 42185 25352
28732 28713 28725 28730 2834 11969 1581 57553 85051 65626
16250 18335 12587 18351 18369 21003 39826 14423 54893 28358
75188 13781 75229 75188 75189 8467 21644 4816 19637 20233
65218 14317 26995 41500 65197 37401 25286 80411 96990 60986
47644 47663 16754 47622 47607 27993 29127 47435 15776 8559
39529 39467 39490 22471 39456 7951 42265 20451 7074 16972
27971 37658 27971 105020 104980 11108 59197 16088 46517 84797
2335 13607 103840 103893 103891 7992 3865 36203 47413 6951
5590 5543 5586 5589 5612 18381 5299 82587 77234 70141
76208 76215 76191 76202 9759 10734 84298 65979 6967 6997
9017 32394 34478 34457 34481 26182 3322 2593 79228 98524
4105 4052 4033 4110 4094 55754 13514 88611 91752 86325
65155 65154 65086 65122 65095 91666 18347 2703 35259 92294
54116 94443 13506 94498 2618 15512 16880 30372 104097 91668
29712 33357 22795 33398 30934 24144 9305 30261 12666 15466
