25515
102909
14288
51114
44166
63762
91516
26954
8336
78755
74379
3083
12353
21050
42950
55147
44382
98013
60064
12506
58935
58519
98127
8775
15773
26876
67744
12587
3728
101721
3337
13913
94211
63556
4977
64040
80443
14998
62997
95237
103185
7924
62997
50763
48396
60840
21994
33625
41610
36597
2367
52867
47810
44334
91038
63519
89412
84365
25835
84115
21307
70647
788
76529
48586
97951
106507
82395
29509
10567
2831
84239
20269
29167
26954
8095
51367
29167
20269
13161
88649
37550
25395
17308
3513
2748
40836
6934
52303
41291
75061
54968
71011
72631
86268
11274
92631
55034
36873
34860
10691
10313
17633
101331
76601
7122
66388
75998
101063
7328
27748
87974
8291
23992
86141
41505
3646
96551
6888
27994
50012
103809
106378
43046
75265
59180
42841
77133
60690
12476
485
13724
35259
36844
11853
26018
103522
15863
74019
5648
14889
61823
55267
29712
96426
30669
48429
63394
72646
104398
12034
58771
98870
57059
78607
75986
9660
2989
55395
91868
78238
34001
10808
94964
2989
75204
103005
15784
51780
934
40562
22163
55466
48520
94282
102014
3646
88658
77754
63050
14998
44368
1751
34183
24242
32981
54255
16495
24242
61581
90629
13293
16867
71598
12804
79882
8315
17462
57999
102824
49104
96951
15526
63394
43070
49591
36735
1423
78389
49792
54772
7379
94482
16042
88706
101721
33328
101721
82425
84917
75540
54505
1987
30261
2586
44382
13366
91458
91998
47810
98636
31994
96249
74577
81597
55466
45151
105373
39359
37115
1557
77754
44871
47462
73473
25116
73797
97786
18481
28623
27466
71371
7212
91868
91638
2022
79205
103866
33804
12366
11260
1094
47658
17430
64467
3513
5478
7175
71011
63762
65423
45897
67744
60349
3743
1822
77671
71011
75561
66681
13001
12976
98127
75749
44978
34764
81511
61193
15773
59208
2022
12299
2393
36132
62461
2701
15565
46888
89869
4154
12476
13222
37874
96703
3836
89083
8883
85506
81511
7379
64801
42186
74225
33256
95152
11713
30118
14048
7328
57681
93902
28219
92616
91764
40683
13129
53870
29480
102420
11081
44712
4363
90433
74391
64250
80959
48396
79706
65160
19071
64395
91730
3337
94089
35010
98444
5817
11081
80334
46220
79397
30221
19071
104856
16602
47354
30511
96249
86672
56684
56089
79113
53118
102120
90629
4742
98179
39813
39895
17130
46220
44010
14215
73870
10831
12829
96766
27166
15211
44010
89921
54208
45368
8291
15807
57681
27926
10808
62070
76885
12994
87302
10691
65563
60725
7328
64705
56067
35259
96895
7461
48520
9486
4031
59756
106507
8039
58923
84023
70497
71907
16972
8905
97770
83844
16679
44758
19433
6663
6585
30118
7924
90070
11260
61910
73144
96249
54582
73688
59557
66824
26876
32415
103371
20889
104398
87302
56796
72481
78003
79828
88153
35259
17829
101787
17684
6510
31429
39359
51149
13676
27166
27229
32387
25936
2952
91138
33106
92890
83181
76972
41072
32088
32180
27466
12506
15464
55995
72563
83527
74322
102589
33106
61434
57443
15116
48485
48552
32033
34537
87760
97867
87453
36667
17210
7706
42074
75927
78201
13642
32438
45196
9985
77302
7290
8554
42950
27143
35030
53118
53104
103884
53410
30118
9198
96012
28219
11829
84469
84568
7558
8974
2462
70182
24770
10192
31994
78303
27466
26787
21634
4717
54208
62278
46220
86320
41201
38220
17340
105096
99536
59180
88716
54772
104706
9198
3568
105373
26654
38668
84552
26787
18893
6452
1320
30669
91730
6020
50628
8716
96249
73473
12025
93594
70781
39813
15807
819
4795
50556
69550
106631
49683
74053
38883
72481
83640
35223
4363
8408
35541
52565
89869
82073
8351
71822
55466
5266
1423
52515
10510
6111
52394
78257
13713
68086
5186
41759
7843
22563
36597
35223
21050
9766
101624
61713
2232
33804
88241
47658
63581
41379
10691
30815
75507
97458
61637
49792
102589
17855
19560
17130
48520
8716
53624
53410
72798
79164
49764
87923
37550
19622
4717
77620
26623
46766
18349
95487
24802
72005
64859
78389
83734
57443
6120
11001
3743
58935
61581
65446
65215
50438
8232
31503
15092
21733
57722
20614
83954
22563
91998
22091
6120
242
9486
14889
10289
92871
37213
38271
57122
28459
53844
5266
73797
14067
91730
5478
75445
22507
9917
105638
27748
40917
106931
9985
99392
54173
1701
60465
82897
27421
64239
33703
21343
84521
21503
8612
87499
59979
29427
2748
99132
91516
18924
76912
57059
788
16394
10831
46409
88716
18924
64395
83640
2716
17200
10634
11765
104003
46319
15905
85943
53033
83001
6020
72631
52303
69062
9689
69717
86012
96154
80359
8883
81416
79684
23650
53161
83318
25702
12885
30103
79770
105759
106272
22728
51367
45497
45232
12623
60349
102420
10313
72740
87760
54461
25515
9411
2570
16524
58181
83690
51379
63680
89391
66011
93793
101946
74225
52867
38719
16643
16080
14030
30018
51283
43204
26305
13356
91764
80298
51543
30040
46888
28153
101038
59005
102185
102589
63930
48472
98998
63519
40523
2300
107385
85592
3279
104064
14215
50438
64486
97582
39415
106201
42450
86268
63285
10740
74271
91381
63896
86012
38883
63581
23135
30848
16834
77133
38220
7924
30378
46052
19433
51488
69167
73580
66713
14601
49031
14486
39694
15728
11535
66681
61522
70307
62346
78703
69355
56089
53033
54968
39642
99654
12667
98636
38525
86730
16915
68228
12623
7558
51579
66713
59264
65038
39895
102218
58758
101063
94211
30511
35010
15773
102218
8743
15494
33422
21862
96666
73226
5648
104968
88706
74708
49792
80443
73688
22507
7275
73653
64649
36667
26261
79357
3122
104231
103185
34652
57999
93114
13469
65077
50941
9054
13001
104064
54461
12074
50941
9307
39053
44460
44871
91638
13001
99132
75749
15298
102444
45897
15526
41568
53624
91458
63248
23351
5323
78108
27065
25395
7396
63556
53312
913
16553
427
10376
28623
64687
97661
8554
23523
104800
49159
83001
69725
26579
49268
64476
88108
75391
538
21733
101421
76601
4237
87453
97386
12155
102218
73144
83619
99379
28153
74379
85268
1455
50538
6186
71907
9411
1296
105986
96551
50603
41461
25936
17633
78404
77302
2549
51283
15232
1952
41379
68476
14889
