0.148
0.133
0.113
0.104
0.097
0.092
0.093
0.092
0.090
0.091
0.091
0.092
0.090
0.089
0.089
0.090
0.090
0.098
0.097
0.103
0.110
0.115
0.114
0.115
0.116
0.115
0.114
0.112
0.111
0.110
0.110
0.109
0.108
0.107
0.107
0.106
0.110
0.110
0.109
0.108
0.107
0.110
0.109
0.109
0.112
0.111
0.110
0.113
0.113
0.112
0.115
0.114
0.113
0.113
0.114
0.113
0.113
0.113
0.113
0.112
0.112
0.111
0.111
0.111
0.111
0.110
0.110
0.109
0.108
0.108
0.108
0.107
0.107
0.107
0.109
0.109
0.108
0.108
0.108
0.108
0.108
0.107
0.107
0.107
0.106
0.107
0.107
0.107
0.107
0.108
0.109
0.110
0.110
0.109
0.109
0.110
0.109
0.109
0.109
0.109
0.109
0.108
0.109
0.111
0.111
0.110
0.110
0.111
0.111
0.112
0.112
0.111
0.112
0.113
0.113
0.113
0.112
0.112
0.112
0.112
0.112
0.111
0.111
0.111
0.111
0.111
0.111
0.111
0.112
0.111
0.111
0.111
0.110
0.110
0.110
0.110
0.110
0.110
0.110
0.110
0.110
0.110
0.111
0.110
0.110
0.110
0.110
0.111
0.111
0.110
0.110
0.110
0.110
0.109
0.109
0.109
0.109
0.109
0.109
0.108
0.108
0.108
0.108
0.108
0.108
0.108
0.109
0.109
0.109
0.108
0.108
0.108
0.108
0.108
0.108
0.107
0.108
0.108
0.107
0.107
0.107
0.107
0.107
0.107
0.107
0.107
0.107
0.106
0.107
0.107
0.107
0.107
0.107
0.108
0.109
0.109
0.109
0.109
0.109
0.109
0.109
0.109
0.110
0.110
0.110
0.110
0.110
0.110
0.110
0.110
0.110
0.110
0.110
0.110
0.110
0.111
0.110
0.111
0.110
0.110
0.110
0.110
0.111
0.110
0.110
0.110
0.110
0.110
0.110
0.110
0.110
0.110
0.110
0.110
0.110
0.110
0.110
0.110
0.110
0.110
0.110
0.110
0.110
0.110
0.109
0.110
0.109
0.109
0.109
0.109
0.110
0.110
0.110
0.110
0.110
0.110
0.110
0.110
0.110
0.109
0.110
0.110
0.109
0.109
0.109
0.109
0.109
0.110
0.110
0.110
0.110
0.110
0.110
0.110
0.110
0.110
0.110
0.110
0.110
0.110
0.110
0.111
0.110
0.110
0.110
0.110
0.110
0.110
0.111
0.110
0.110
0.110
0.110
0.110
0.110
0.110
0.110
0.110
0.110
0.110
0.110
0.110
0.110
0.110
0.110
0.110
0.110
0.110
0.110
0.110
0.110
0.110
0.110
0.110
0.110
0.110
0.110
0.110
0.110
0.110
0.110
0.110
0.110
0.109
0.109
0.110
0.110
0.110
0.110
0.110
0.110
0.110
0.109
0.109
0.109
0.109
0.109
0.109
0.109
0.109
0.109
0.109
0.109
0.109
0.109
0.109
0.109
0.109
0.109
0.109
0.109
0.109
0.109
0.109
0.109
0.109
0.109
0.109
0.109
0.109
0.109
0.109
0.109
0.109
0.110
0.110
0.110
0.110
0.110
0.109
0.110
0.109
0.109
0.109
0.109
0.109
0.110
0.110
0.110
0.110
0.109
0.109
0.109
0.110
0.110
0.109
0.109
0.109
0.109
0.109
0.110
0.110
0.110
0.110
0.110
0.110
0.110
0.109
0.109
0.109
0.110
0.110
0.110
0.110
0.109
0.109
0.109
0.109
0.109
0.109
0.109
0.109
0.109
0.110
0.110
0.110
0.110
0.109
0.109
0.110
0.110
0.110
0.110
0.110
0.110
0.110
0.110
0.110
0.110
0.110
0.110
0.110
0.110
0.110
0.110
0.110
0.110
0.110
0.110
0.110
0.110
0.110
0.110
0.110
0.110
0.110
0.110
0.110
0.110
0.110
0.110
0.110
0.110
0.110
0.110
0.110
0.111
0.111
0.111
0.111
0.110
0.110
0.110
0.110
0.110
0.110
0.110
0.110
0.110
0.110
0.110
0.110
0.110
0.110
0.110
0.110
0.110
0.110
0.110
0.110
0.110
0.110
0.110
0.110
0.110
0.110
0.110
0.110
0.110
0.110
0.110
0.110
0.110
0.110
0.110
0.110
0.110
0.110
0.110
0.110
0.110
0.110
0.110
0.110
0.110
0.110
0.110
0.110
0.110
0.110
0.110
0.110
0.110
0.110
0.109
0.109
0.109
0.109
0.109
0.109
0.109
0.109
0.109
0.109
0.109
0.109
0.109
0.109
0.109
0.109
0.109
0.109
0.109
0.109
0.109
0.109
0.109
0.109
0.109
0.109
0.109
0.109
0.109
0.109
0.109
0.109
0.109
0.109
0.109
0.109
0.109
0.109
0.109
0.109
0.109
0.109
0.109
0.109
0.109
0.109
0.109
0.109
0.109
0.109
0.109
0.109
0.108
0.108
0.108
0.109
0.109
0.109
0.109
0.108
0.109
0.109
0.109
0.108
0.108
0.108
0.109
0.109
0.109
0.109
0.109
0.109
0.109
0.109
0.109
0.109
0.109
0.109
0.109
0.109
0.109
0.109
0.109
0.109
0.109
0.109
0.109
0.109
0.109
0.109
0.109
0.109
0.109
0.109
0.109
0.109
0.109
0.109
0.109
0.109
0.109
0.109
0.109
0.109
0.109
0.109
0.109
0.109
0.109
0.109
0.109
0.108
0.108
0.108
0.108
0.108
0.108
0.108
0.108
0.108
0.108
0.108
0.108
0.108
0.108
0.108
0.108
0.108
0.108
0.108
0.108
0.108
0.108
0.108
0.108
0.108
0.108
0.108
0.108
0.108
0.108
0.108
0.108
0.108
0.108
0.108
0.108
0.108
0.108
0.108
0.108
0.108
0.108
0.108
0.108
0.108
0.108
0.108
0.108
0.108
0.108
0.108
0.108
0.108
0.108
0.108
0.108
0.108
0.108
0.108
0.108
0.108
0.108
0.109
0.108
0.108
0.109
0.109
0.109
0.109
0.109
0.108
0.108
0.108
0.108
0.108
0.108
0.108
0.109
0.109
0.109
0.108
0.108
0.108
0.108
0.108
0.108
0.108
0.108
0.108
0.108
0.108
0.108
0.108
0.108
0.108
0.108
0.108
0.108
0.108
0.108
0.108
0.108
0.108
0.108
0.108
0.108
0.108
0.108
0.108
0.108
0.108
0.108
0.108
0.108
0.108
0.108
0.108
0.108
0.108
0.108
0.108
0.108
0.108
0.108
0.108
0.108
0.108
0.108
0.108
0.108
0.108
0.108
0.108
0.108
0.108
0.108
0.108
0.108
0.108
0.108
0.108
0.108
0.108
0.108
0.108
0.108
0.108
0.108
0.108
0.108
0.108
0.108
0.108
0.108
0.108
0.108
0.108
0.108
0.108
0.108
0.108
0.108
0.108
0.108
0.108
0.108
0.108
0.108
0.108
0.108
0.108
0.108
0.108
0.108
0.108
0.108
0.108
0.108
0.108
0.108
0.108
0.108
0.108
0.108
0.108
0.108
0.108
0.108
0.108
0.108
0.108
0.108
0.108
0.108
0.108
0.108
0.108
0.108
0.108
0.108
0.108
0.108
0.108
0.108
0.108
0.108
0.108
0.108
0.108
0.108
0.108
0.108
0.108
0.108
0.108
0.108
0.108
0.108
0.108
0.108
0.108
0.108
0.108
0.108
0.108
0.108
0.108
0.108
0.108
0.108
0.108
0.108
0.108
0.108
0.108
0.108
0.108
0.108
0.108
0.108
0.108
0.108
0.108
0.108
0.108
0.108
0.108
0.108
0.108
0.108
0.108
0.108
0.108
0.108
0.108
0.108
0.108
0.108
0.108
0.108
0.108
0.108
0.108
0.108
0.108
0.108
0.108
0.108
0.108
0.108
0.108
0.107
0.107
0.107
0.107
0.107
0.107
0.107
0.107
0.107
0.107
0.107
0.107
0.107
0.107
0.107
0.107
0.107
0.107
0.107
0.107
0.107
0.108
0.108
0.108
0.107
0.108
0.108
0.108
0.108
0.108
0.108
0.108
0.108
0.108
0.108
0.108
0.108
0.108
0.108
0.108
0.108
0.108
0.108
0.108
0.108
0.108
0.108
0.107
0.107
0.107
0.107
0.107
0.107
0.107
0.107
0.107
0.108
0.107
0.107
0.108
0.107
0.107
0.107
0.107
0.108
0.108
0.108
0.108
0.107
0.107
0.107
0.107
0.107
0.107
0.107
0.107
0.107
0.107
0.107
0.107
0.107
0.107
0.107
0.107
0.107
0.107
0.107
0.107
0.107
0.107
0.107
0.107
0.107
0.107
