1192
1207
1872
1896
926
684
450
1070
1991
645
1732
1686
965
713
1222
1184
1533
2094
1786
1053
242
383
474
1560
2028
1562
1574
1020
699
1223
1002
1771
723
931
11
1948
1776
1007
210
340
97
1567
1782
307
88
112
1833
518
1647
594
2009
1921
1674
1114
299
1726
1825
1371
68
700
1259
1839
288
1039
565
1421
346
232
1137
994
967
1259
1112
844
1965
1819
1157
889
566
887
2001
2003
248
1453
1263
664
1394
566
1979
1383
1816
1003
348
914
1050
1473
526
652
1596
672
1984
81
2076
280
1869
1150
700
12
697
33
1964
23
266
34
1842
1757
830
1069
1815
206
700
1499
1337
569
1483
552
860
40
1154
145
310
1842
761
260
1304
1937
727
853
380
1831
470
305
1350
2069
248
1396
2041
228
670
1903
655
467
1007
291
1032
556
772
22
905
663
1158
1917
1131
361
1399
416
15
403
1076
756
426
1898
905
83
1411
1100
638
725
390
256
351
293
1181
401
1834
800
1185
1274
1513
9
1585
747
256
1797
1504
682
548
501
1723
1440
1860
1178
941
512
1919
1006
1451
408
637
242
765
1189
372
281
84
1283
1435
99
1506
518
268
1971
1558
1994
190
1719
1911
1036
288
998
1613
1170
1749
2061
1190
1797
1315
1617
1535
1403
419
1382
1182
485
352
596
335
1414
1923
85
109
456
1964
1009
112
1705
1171
542
1506
743
721
781
733
779
1745
1309
1678
2010
784
1626
1928
1588
1936
1541
550
1037
2014
1325
1677
868
1301
972
1164
1723
420
742
586
506
1670
995
1559
263
752
1963
1373
101
343
357
1641
1144
264
230
1590
1552
1182
539
1421
377
754
1210
1149
1963
1246
858
1751
1614
590
1636
993
2009
1432
262
2040
677
555
1352
1644
79
223
1769
1195
95
882
1690
1154
1004
58
1918
1363
1777
327
1955
273
492
260
206
4
1472
251
1779
1292
95
20
1856
140
749
1695
585
1740
40
1289
1022
1323
24
1034
1332
1677
575
116
1799
931
1695
622
756
86
985
464
703
800
1999
2075
1751
1779
36
548
362
722
214
1427
1771
413
737
532
10
1469
1242
1730
642
2039
962
477
1679
1230
1266
2058
787
1534
1249
575
1494
85
128
1348
1803
552
621
479
1275
163
1657
1835
172
804
935
1712
813
582
74
150
832
1038
1639
1056
733
2087
1434
1995
845
300
539
1963
188
198
596
37
1547
1516
628
71
1660
570
1092
1377
778
1477
1524
763
1646
1119
906
85
1459
390
289
90
324
587
1578
856
979
44
813
1195
933
1915
916
498
114
1979
104
1337
726
1691
465
1323
1862
2055
269
195
858
579
622
270
1848
594
830
1274
1075
1408
709
1294
281
254
851
1254
960
1684
1828
1037
829
1100
1060
346
411
228
1647
1005
931
831
1219
566
579
702
1267
841
787
954
980
158
291
183
794
2051
1641
1825
129
1318
1880
968
1200
1485
10
1445
1293
509
737
534
735
88
404
452
43
679
682
298
1549
1410
183
969
64
135
523
986
900
1855
1491
1786
295
1536
642
1655
1589
1686
426
115
118
1519
1643
293
1026
543
419
1272
936
1834
720
1652
1284
1620
1627
1969
473
2088
1699
1277
1299
1956
1863
909
608
314
629
1755
355
164
980
1835
1823
595
1722
1833
477
1946
1137
1577
374
366
2029
80
911
96
96
1374
1196
976
2044
2091
634
1858
1863
1794
664
145
1336
126
1032
178
912
824
1514
2062
878
495
2007
144
913
1894
81
1983
520
754
1100
467
285
1745
660
172
1966
1024
1517
1363
94
1145
1015
565
1020
1418
480
203
553
540
190
1387
2075
1701
321
507
1132
1492
911
2069
1622
1929
1026
1473
910
2039
1829
1329
1542
750
1433
1662
355
1083
1271
1864
278
266
8
1376
521
1091
935
2015
493
559
809
403
2067
1294
831
59
435
386
137
1615
1573
1143
1404
1466
1309
760
1219
1709
1132
2036
998
1088
1676
1514
315
1877
878
2011
1958
88
1795
331
869
1975
5
122
1537
590
1322
377
1689
210
1313
191
1403
935
318
556
1353
1207
274
1850
799
1386
292
780
3
193
664
1934
959
512
357
1533
1721
1774
877
2076
825
1520
1210
1122
1454
927
1474
339
447
1604
1627
2094
1104
141
820
679
612
2088
452
159
1507
1521
1657
915
621
1719
1304
319
726
260
2055
1563
678
2027
189
1553
1374
275
396
501
179
1679
372
2084
283
1486
1055
946
1321
877
1474
393
1780
403
1394
967
1042
1140
624
1778
1221
1683
673
335
362
494
457
423
1948
15
396
1021
1566
515
1067
1426
1733
888
1778
1322
1010
1839
697
175
1505
515
1851
1483
1342
1893
99
435
793
2023
1349
1382
161
728
1070
1259
372
365
1194
1070
1956
1805
424
330
1022
1229
1311
1923
490
1697
1536
1383
1061
1290
1148
99
1310
1930
1783
1924
1608
43
1253
1190
459
1872
886
1143
1459
964
1006
590
953
1267
823
652
301
2091
1766
241
814
2067
1305
1382
477
1942
1404
1545
1014
1890
2064
520
1036
1339
573
1099
335
317
1821
1275
1237
1125
507
253
1480
1644
1498
1518
1874
543
1499
2067
1694
437
508
358
606
472
14
1237
1831
1464
464
1938
393
44
759
1215
1273
156
66
1862
1588
2000
529
1639
300
2087
12
1173
217
1080
1458
861
1090
741
1238
1246
385
1365
1452
1866
1484
1279
1931
553
1256
65
704
1836
1626
1650
1295
792
1350
1353
1532
725
1769
1132
1213
1395
732
250
490
174
1332
2090
423
6
2024
495
2081
760
453
581
1740
78
2013
274
2032
961
1686
213
251
75
1406
669
672
1692
1700
255
301
500
332
790
1850
855
1001
798
181
1455
1503
1185
763
158
265
691
52
819
594
2023
1794
1535
1363
943
208
1027
583
1086
119
345
1266
153
758
823
986
88
1779
1829
253
720
1216
535
655
670
2025
829
546
1378
1052
250
1283
1330
236
219
405
846
1047
692
931
154
991
1334
2051
1180
904
1155
571
745
421
1691
1357
1687
722
1015
651
486
642
1809
685
2013
525
1073
535
2018
1708
1786
885
1531
487
1603
2067
641
1383
31
285
602
161
22
1576
1531
855
293
529
91
1503
1863
1430
232
1036
1652
75
874
211
1823
364
1846
1869
665
627
104
2013
1747
2065
1666
1065
1746
1584
1046
1877
2046
1419
2000
96
1340
538
1788
338
1098
1037
250
1928
104
2022
514
765
1939
1944
405
436
1332
489
2020
475
1834
1777
1249
307
1687
79
1492
652
733
639
1650
243
1143
286
1467
1889
1454
1325
997
241
1813
1274
1183
1590
1042
1917
1023
266
406
1888
818
542
2056
878
2058
1336
145
911
478
1614
810
1883
1791
1010
178
1667
227
2076
1947
997
1364
822
743
296
2099
1470
549
719
1360
607
853
1905
577
1947
1964
744
725
1570
119
2034
1005
43
1873
746
1144
868
1865
1259
2070
1240
329
538
354
1785
462
1653
2080
371
1589
189
1959
1506
1821
35
1865
1963
1623
1311
195
87
984
1360
346
330
895
891
640
2014
1171
1099
1099
454
14
1701
1028
463
1662
702
1119
1861
577
444
2081
727
121
1397
511
258
456
193
13
1189
768
1266
778
1906
586
1572
459
804
1790
1423
677
623
1657
1588
286
14
558
350
884
493
1661
1751
1646
589
391
1531
1357
1936
439
1976
800
778
392
933
1493
1816
794
314
555
905
1527
21
1437
1509
151
1666
431
214
1922
2070
305
2057
617
186
2065
1273
1700
1028
1862
460
180
823
293
1508
421
1552
80
1270
506
322
1100
704
715
1662
385
342
1519
1543
181
34
592
2007
1865
1710
207
1746
508
1111
26
1273
304
550
471
529
1023
338
1637
1263
1195
1966
702
552
963
205
697
1564
1758
1430
1211
1131
1726
457
1177
206
1833
1879
1926
1474
1379
1785
2042
661
1769
1340
1046
1821
1189
782
717
345
1304
697
1734
481
1131
1776
1501
468
1641
1153
363
135
307
134
271
1188
1488
2043
1441
1644
862
1255
1336
850
1588
1949
299
1248
846
286
409
451
1186
704
1992
1894
1084
1706
1726
1740
1607
217
249
791
742
1072
580
685
1797
537
357
271
201
1693
478
1643
770
183
1863
523
107
1435
1936
730
1313
625
1085
695
1791
277
925
929
1992
1560
270
1688
1989
1068
1941
1453
1371
1584
1431
54
1804
1450
40
1049
186
392
1896
315
2
1144
2027
1664
1861
494
540
722
1587
735
1791
858
1237
1018
2085
1134
2066
818
1798
1751
1796
409
2041
1828
334
265
241
1852
306
375
2053
1728
54
1676
1187
1919
1051
1671
77
1454
993
202
2080
1926
362
640
726
1684
1632
551
925
1577
1557
718
1171
1558
238
583
2094
308
1622
1289
1719
684
1509
569
1951
1766
1357
274
1495
1848
1311
1875
1906
1001
443
2045
935
1488
1040
1637
1983
1923
928
739
685
1149
1710
2015
1551
129
256
990
861
676
1541
1584
1200
1490
854
890
757
2011
432
1343
1582
1303
1600
996
1274
1138
622
812
110
1495
1684
661
1220
1363
1625
958
1613
1619
149
131
984
1511
1973
2087
261
250
1053
1013
476
1682
228
788
1005
2000
688
1069
1715
1942
666
371
990
637
695
1592
1280
955
1997
1562
25
1050
259
301
499
378
5
1825
1774
1691
49
527
1380
738
300
1572
507
1859
1562
1354
1479
1154
608
1872
978
1369
410
719
2024
1567
1021
541
1193
1853
1600
1688
1424
1303
793
530
841
334
1934
1465
190
376
1340
127
1018
1305
394
1042
1921
1983
574
1918
1672
581
1559
1180
1686
594
512
603
739
83
393
107
1520
1822
709
224
907
632
393
825
18
831
1775
192
1132
1533
1483
1866
1850
1574
1608
2053
277
283
155
1546
1356
688
715
1307
434
870
1501
1709
1458
764
1281
668
1213
764
1820
380
398
69
401
1834
2094
1272
1844
1564
380
179
376
770
1488
1781
1170
481
75
1778
1537
88
1746
1774
1807
1785
489
579
912
551
2072
1987
436
247
1700
328
1840
419
1143
1600
1835
1490
1836
507
196
636
595
726
1946
1193
1362
47
1955
1688
686
1915
530
35
1447
929
1109
806
1232
1281
2001
1972
1955
127
903
76
205
750
415
1539
607
951
818
1600
43
1070
1764
1456
1050
1088
1081
184
1036
71
830
2048
1472
577
56
1630
745
1826
1685
1979
1676
2088
858
502
2077
746
1126
356
895
1606
647
1264
688
1092
606
1779
738
662
2036
2023
1899
230
1492
190
2039
951
939
1263
533
249
1947
1831
1140
514
1555
1092
514
684
1453
552
1167
116
1611
1220
518
426
453
940
1280
1167
168
1769
1971
463
1225
612
37
718
1368
1333
595
1103
793
61
248
1819
86
1284
1658
821
397
1857
575
454
521
927
1018
146
1463
642
1339
111
1633
1990
1062
1430
64
434
1532
13
2040
750
571
343
1219
802
684
1909
546
1267
640
1159
1165
1159
1094
213
864
213
177
2047
785
186
678
926
762
1777
460
804
68
280
1345
1232
2035
449
1980
777
1900
1875
1859
1478
882
61
1184
433
1481
1935
798
128
1764
831
1715
1774
29
1613
950
1456
1875
572
1294
1948
1051
1660
965
553
2045
1973
991
168
1630
358
298
2008
329
319
2052
188
1632
302
320
715
1733
270
1747
1590
296
1637
604
336
1727
760
611
677
97
1828
649
111
580
1439
314
1021
1164
1922
1280
315
1733
859
479
670
1352
1831
601
1551
324
908
1946
1771
1156
1321
1980
830
1119
1582
1159
791
393
976
736
345
48
985
1877
1722
1402
453
256
410
1147
224
257
280
544
581
1023
1868
1865
1331
1458
1383
1276
1616
1267
1130
1765
539
968
1696
355
125
1173
97
1625
1640
1863
971
1852
205
1068
579
5
1056
759
716
1474
310
1630
434
2016
624
1209
1050
1895
996
88
1928
470
1263
1444
1094
1028
767
143
1447
1620
1567
397
1862
267
2071
401
259
366
1644
706
1478
1333
56
716
156
300
1797
1394
1606
1922
1994
1903
1893
846
1399
1577
693
1221
1764
158
2042
728
627
186
458
510
1874
1961
979
102
703
1511
1289
1495
1728
1255
1030
1339
1369
495
1789
354
1666
142
1023
1533
195
1237
1566
1300
1555
240
1342
1484
531
1253
447
453
1791
568
1193
592
1613
777
1240
516
507
1132
938
2075
112
1198
1413
580
362
87
732
1703
1908
1772
848
1200
198
164
1057
1530
1969
568
364
2068
94
1067
668
1848
927
976
1403
1881
704
1815
1217
1088
890
1479
333
140
1676
1802
1193
1267
561
1032
895
1267
140
1179
1564
1090
546
1441
712
268
876
981
1247
927
1744
1244
1311
1924
981
1255
598
1936
218
425
1558
352
836
929
1032
1453
779
1722
312
1219
1869
209
1349
915
2027
1222
365
799
1592
753
936
757
805
1309
41
1171
926
1496
1741
652
1294
1111
1814
1724
1539
1332
533
1372
416
367
558
1445
1978
252
1591
1124
1035
613
779
563
14
211
607
732
1866
1247
183
1788
1980
1827
217
545
1511
750
320
1343
696
1216
190
1560
1627
1506
410
78
497
274
787
2079
1630
932
352
754
839
1389
313
2030
518
1506
1883
726
1688
1498
9
845
1863
46
1139
2069
661
1712
1641
541
97
977
1335
1528
1307
587
1371
1574
1633
1424
1585
296
731
307
1761
54
432
1899
84
687
297
1414
58
1796
1616
1323
299
1559
1226
1798
414
1374
495
579
2034
21
1663
581
912
666
255
623
623
1235
886
1266
1676
1079
354
1809
1053
1902
1410
408
190
684
1939
1323
1892
1671
271
1608
2097
1071
620
746
665
911
655
1692
971
353
1693
4
6
1530
969
1623
932
1038
1691
1383
1866
854
1935
387
1995
1814
1063
623
415
63
1789
363
821
170
871
634
550
55
1786
283
1245
1858
1975
739
406
1518
1354
1011
1972
822
708
1350
1518
994
1343
659
1959
966
2096
60
477
449
683
1907
2011
1101
1934
615
258
592
1990
910
1473
1592
647
1635
399
875
972
1295
1858
1709
38
1785
368
320
1993
1360
1747
1994
1831
851
1930
1403
2066
1309
1661
1377
744
174
1118
731
247
336
885
2077
459
537
1426
304
1289
788
332
1826
1010
682
712
25
451
2004
1200
1809
1195
1782
980
1605
1050
217
1151
97
242
823
1586
1078
1022
1225
1498
65
1530
1181
2010
1316
1382
1442
1021
1915
1634
473
609
1633
1858
77
1803
1696
1543
584
582
1461
1255
1423
36
46
1717
1300
1990
827
1842
503
322
427
699
1076
1520
244
1375
101
456
289
849
703
1299
1137
401
2029
699
76
642
1733
613
677
333
214
335
541
1229
1611
1336
100
175
411
739
574
629
1629
1288
127
583
1091
1290
513
967
1578
976
1826
1083
815
52
822
575
399
2081
1897
801
1253
911
1298
1779
1377
1352
1062
1240
802
1942
1647
864
701
1120
1705
266
580
541
971
2033
330
1364
1996
53
133
1905
280
86
319
1214
1071
2061
1071
793
548
503
2016
769
1772
1557
1107
1553
24
63
984
1868
1360
181
1539
298
716
681
333
669
340
1472
601
1877
257
731
1751
499
841
706
989
1859
2038
2055
2009
68
1734
1551
98
1185
1802
224
686
534
1778
461
121
1606
1894
1454
1347
968
347
1576
1486
329
319
1215
164
1988
896
1459
877
1273
1145
1029
634
898
247
570
1115
1138
1818
651
587
1817
1585
1037
878
1709
816
1742
780
1480
640
584
498
851
817
1159
1159
1683
186
864
1144
1021
1541
514
1877
2010
1736
1753
639
438
452
111
1888
114
1016
1151
1871
105
2068
1069
697
557
1957
1955
230
959
1068
357
466
201
439
69
460
424
1330
1895
2045
602
1383
1238
1730
1921
690
22
1744
1233
1111
1278
1800
1507
1375
163
263
1501
1791
425
1020
791
920
428
746
1302
1271
419
109
1055
1115
1832
325
1406
1025
854
927
340
1166
1462
1740
344
1861
10
20
1630
499
468
32
655
313
917
919
1056
851
540
1248
1588
1027
141
2095
356
15
1416
934
1731
660
508
1799
531
777
587
1347
496
271
1828
1588
1513
1128
1262
47
1534
1054
2097
1387
1318
493
1508
1087
1753
1248
575
266
1426
778
1047
1113
506
2062
1138
1551
936
1280
1339
1441
1875
534
515
1769
444
1135
559
1267
577
1305
702
1467
1852
1304
820
1311
1143
1979
1734
1332
2048
1574
87
860
1426
750
1934
2
521
509
1232
899
1928
1191
1419
529
1184
1234
1080
1813
1786
84
756
666
1232
938
1305
645
1265
1844
1638
1664
1691
1683
1229
331
1453
1091
640
706
695
1899
1343
1272
1264
1941
1740
1743
1553
779
1008
531
1433
618
1682
585
2028
1499
1082
116
685
427
543
44
1853
193
942
1948
583
1659
566
18
1224
1102
645
1019
1772
812
1131
646
827
1983
870
328
1584
1537
140
1351
592
913
185
1207
1366
1759
1753
613
714
430
1134
1697
1605
1403
135
449
703
691
1883
1592
431
1233
800
849
338
1378
2092
294
195
2011
207
1265
1997
1300
382
924
1166
1757
2094
1213
325
606
559
1418
1249
1659
1746
914
213
117
1058
657
779
1583
207
437
1063
1012
128
1726
840
311
1947
361
1214
692
706
661
845
277
754
1044
158
1047
332
79
1282
2072
1722
1017
1389
1039
822
84
1461
1647
333
514
120
993
555
457
1890
1792
809
353
815
573
1903
311
486
1013
1324
793
546
772
659
1434
1859
802
826
1817
1219
74
746
1840
858
1232
701
1301
1986
840
1868
1728
207
1158
1619
2076
1874
1239
2060
2028
342
701
1628
2072
112
313
758
769
279
2052
1646
1111
2056
905
1834
1131
779
30
920
1931
1691
68
449
1919
1432
435
1605
496
926
581
1442
1565
2043
1925
1383
1987
950
1741
1544
1273
144
903
461
2084
1844
280
826
1702
58
1625
1747
1185
1797
989
579
1533
134
467
1536
793
1364
254
1796
516
818
1632
1323
1616
1134
1950
1879
2045
1030
2010
44
932
1958
294
23
1568
352
1574
14
459
658
908
931
1126
1770
819
749
9
85
1623
1334
452
288
1753
337
233
424
450
573
1696
1073
812
1295
1578
1010
460
1209
461
1477
930
1275
1352
1921
1161
1381
412
106
533
1817
1573
279
1915
1140
2028
1780
447
856
651
708
2045
231
1430
1816
646
965
1972
1298
1479
1080
1530
1042
500
1199
1933
1214
621
804
1491
1393
715
552
1540
1772
1976
1949
1937
1106
571
341
924
1929
1702
484
629
196
1825
584
847
1676
409
1655
1158
53
1709
888
1001
1115
1343
477
1722
1831
786
178
1185
1836
1363
2057
54
2009
1907
32
401
1851
772
375
787
447
622
1028
1284
749
33
1231
88
136
734
1410
397
968
453
731
1717
706
835
34
780
9
1425
746
1055
499
555
2045
989
1433
645
898
1565
217
854
449
1266
92
1593
1136
1549
799
1980
1674
1995
754
935
1822
1518
805
1604
1204
375
834
43
1343
1313
1728
1508
37
1823
168
29
1592
1525
1935
1189
592
75
1862
1357
639
1508
784
2054
1591
1098
420
1680
1196
367
1679
409
1813
1604
185
475
749
438
1997
1863
949
2007
1075
1166
978
826
475
1216
685
931
843
1071
443
265
1920
1193
1157
447
1652
228
1743
188
832
818
459
1244
1435
1188
364
1109
569
354
920
846
863
925
1576
887
788
2013
1537
2079
1802
1295
1407
787
1580
1369
822
1319
52
995
412
255
436
1302
47
349
369
701
1255
1382
1266
1061
672
1424
96
1424
1146
1730
2016
244
666
1975
247
211
335
46
230
1057
55
1137
510
1186
1123
2048
37
1088
805
2068
1324
550
1711
368
995
779
1172
462
33
2011
481
1936
423
657
1820
163
273
750
378
906
590
83
183
461
1312
790
84
1856
632
806
1596
69
233
1489
933
64
696
1811
257
644
284
1952
1293
284
735
1919
1539
366
209
1599
23
1540
1905
194
154
1762
1827
437
318
132
1089
1115
526
993
2070
1154
1155
1160
1343
58
509
1964
101
1346
758
2028
1895
464
495
1552
402
238
737
1931
1782
549
2045
5
1915
11
1606
1545
408
1881
526
447
611
583
1514
905
838
1179
640
319
863
1046
886
1259
1312
1933
563
1846
578
735
1407
996
1585
173
859
1087
2096
463
1023
488
558
701
1718
34
891
1204
862
1722
516
1535
334
390
1206
683
1745
721
75
297
1717
1522
362
574
2076
1174
582
1575
1879
604
1304
1005
1835
1562
1783
623
1108
1774
219
362
469
1177
12
351
297
385
270
695
1379
2052
589
155
397
397
226
507
1642
1345
494
22
1635
651
254
986
1307
604
1182
1973
1910
887
1792
1662
1541
1532
1828
370
1677
1897
1279
1780
908
1266
1244
1118
984
470
1633
1040
2095
135
1762
1003
380
1305
613
513
1104
834
907
798
1126
526
1377
670
114
579
2085
738
92
344
1305
709
1430
1616
353
790
1165
865
1691
1321
990
1800
38
236
402
1588
1722
1223
1821
1918
1114
981
1457
533
1551
1280
1420
1587
1700
688
111
447
1528
790
1871
1627
275
281
292
583
256
1991
2
1131
530
415
969
2013
574
715
1771
1516
1413
1103
964
1816
2024
1277
1002
1431
2053
925
1978
660
1600
718
905
1795
356
1627
1833
843
943
1873
1085
1121
475
1389
449
576
1888
1091
496
1419
1910
568
504
1654
431
395
82
90
260
1936
1330
1425
2068
643
1725
1424
1357
156
2007
655
1052
838
594
1515
1640
13
1820
2053
1291
1226
2010
296
1720
499
1987
1900
1170
1353
1758
730
995
953
1907
921
1052
1480
1644
1692
203
149
841
911
30
1717
7
200
15
1725
164
206
636
487
218
1898
9
109
269
1920
485
1766
780
1707
1846
2030
1255
1632
1853
1159
364
1814
2058
1109
693
47
1975
1437
896
139
2047
540
1147
634
676
2048
851
1930
635
4
676
908
1554
353
479
139
540
1128
383
1676
915
1584
1538
80
1034
1001
341
51
1797
1265
1882
698
157
1620
1937
1909
1403
1192
2046
1728
97
1944
868
1387
1119
1467
402
1071
1313
1832
1765
801
1971
660
1872
779
1784
1462
863
1296
1264
1796
572
206
1499
1346
469
802
808
1691
12
1030
1093
1974
305
68
1271
981
1955
556
1001
1009
1140
1508
1351
89
1979
1814
1722
101
127
1657
1483
332
1103
553
1107
615
76
463
1772
1758
1136
480
1286
1621
1518
1507
1786
936
1452
1862
618
827
1748
946
59
2017
844
1147
1737
856
456
1492
1826
1366
1024
1067
186
773
738
9
962
358
347
1671
1209
938
1450
547
705
1301
824
1131
824
1002
300
1330
1050
611
1827
1962
780
1641
1880
548
965
203
59
175
1348
414
1627
1900
511
984
963
990
243
1728
679
1591
1366
1421
487
1853
1382
1780
846
279
1265
1377
977
216
1467
668
835
1362
1374
1010
1772
629
1062
1237
814
10
129
92
1316
1157
1032
1766
453
200
1499
322
1497
65
1954
950
1759
915
563
622
1108
1553
903
1553
596
1627
301
1722
868
1741
1557
1345
1531
1455
1587
996
856
1909
1796
817
603
632
739
1030
958
1533
2035
1107
179
587
1764
530
1034
1699
1536
581
1366
1761
329
1215
1794
586
340
1313
1186
590
236
1621
521
767
1995
912
415
617
1855
339
219
815
1475
1211
2025
660
230
987
1450
1764
1453
767
2059
497
1885
1726
677
337
59
1653
2009
1093
1726
1856
137
1233
997
562
669
907
232
984
2064
2014
1140
433
1444
1934
1135
834
1435
1777
1584
1632
37
802
286
555
265
140
1947
980
461
2058
477
908
1136
749
345
1440
1882
807
1584
537
613
105
1085
1573
789
251
161
1111
1463
741
984
1532
206
1371
1804
531
1173
1989
1088
759
1797
386
1123
874
2079
51
741
331
288
891
758
212
1853
170
562
1160
1230
1758
1062
683
1327
2095
1280
480
192
922
844
1626
768
341
294
88
183
696
1492
1215
1018
1033
1114
1605
941
592
601
1759
728
1349
736
864
1942
1632
1777
666
1267
350
1762
215
1298
1081
1665
1027
582
1597
1519
1551
635
980
859
1794
718
1153
1204
508
506
238
1394
713
157
602
327
443
860
177
196
1381
1854
579
24
813
846
1896
401
683
1451
2040
1307
909
1388
708
1019
1771
1823
1633
1349
454
1952
1090
1292
1075
1825
1596
1744
118
886
1858
1764
1262
2055
708
746
1071
1723
1362
1616
1125
1508
749
624
1771
1233
802
1984
321
885
1464
1465
1466
817
924
21
1877
1340
1638
708
1052
1755
1207
366
449
574
164
1458
1039
1231
754
904
131
561
1296
1083
1130
1416
304
18
298
986
1754
2020
1917
906
1265
1907
2014
1160
2036
1880
463
727
977
149
1104
1478
1499
809
26
1541
1882
1559
21
178
175
489
462
1486
2054
1138
1894
548
1711
1046
1120
300
1090
489
267
407
1340
1545
1267
27
1032
733
826
651
840
1108
493
86
1443
310
673
1003
1476
1371
681
1910
1123
1315
397
1904
1535
1347
334
2096
762
770
999
1110
738
2078
1469
839
1706
579
1414
1670
1508
1264
722
230
164
27
770
884
815
168
882
1787
1513
1737
1080
786
380
1732
1504
1727
1097
1549
1705
232
816
117
1144
1576
989
1679
1871
1121
821
2084
1428
1567
1450
1149
1466
331
322
1687
1145
1389
789
1579
701
1321
567
217
695
1572
183
1495
270
1726
957
919
225
1978
1499
508
463
1954
960
1192
74
1276
1343
512
1596
1978
18
404
90
614
873
1555
332
1399
529
1904
1040
1425
300
1827
1429
1084
341
1973
589
1882
967
1267
264
634
1005
1819
451
772
470
180
129
1190
2090
940
60
1188
1661
1509
1887
1829
927
1449
192
317
1977
1754
1942
489
2057
16
728
1939
946
193
1234
2083
430
1535
1453
112
168
1292
1416
776
1794
825
1605
89
525
966
2081
904
96
596
485
1988
1838
725
76
761
1294
908
1929
1956
435
593
855
219
801
786
47
472
728
886
1683
1557
15
1672
1459
278
1882
1729
405
1147
1775
1813
693
486
226
1619
1924
1158
1951
1709
340
1109
2015
157
282
1765
1063
1786
119
144
1766
538
1353
575
2069
859
175
1294
1752
1600
1687
328
976
1366
1684
44
2021
141
1528
1421
304
418
1174
962
405
351
913
1284
2
444
1640
1215
1754
1437
508
1288
677
62
1430
907
292
657
1772
562
1635
1729
186
1840
1477
1722
1761
274
1432
2017
274
1091
1615
2070
281
250
268
1704
1732
130
921
864
1895
979
111
1160
244
1827
253
1178
1690
655
463
321
875
1368
812
534
1300
2015
2010
548
941
1778
713
562
68
682
1918
1222
1266
405
1195
850
950
2041
1518
467
565
979
1642
791
1456
106
1211
1623
881
1009
1102
253
455
475
266
1990
1709
1814
1010
1806
1407
667
424
97
754
925
1724
606
229
836
248
440
264
1599
1090
1012
181
1426
1003
1425
382
1853
1887
2000
1104
1243
1535
1110
33
650
1524
1921
510
1295
1184
1535
36
686
1350
1379
1053
540
87
2076
1016
1810
1064
532
386
172
679
1679
1990
605
130
189
1567
2061
1925
49
723
709
1131
1206
1798
885
1800
897
1190
1112
1447
1954
754
1992
1422
2043
552
155
593
1287
710
2094
446
1300
1418
548
174
1603
1284
405
850
548
1851
266
1720
581
56
237
126
710
1336
1020
592
438
1882
70
433
2078
1456
1625
257
547
1121
1235
691
1623
229
294
1221
1016
1607
776
382
977
1122
693
1445
739
493
1037
1154
1363
1805
2052
1374
886
1984
1635
732
1559
1503
1134
823
114
2086
693
1063
838
858
456
1384
736
477
119
580
1551
507
1980
1179
1379
1067
397
917
1447
1749
629
507
89
1642
83
929
1702
1642
860
634
1784
1375
1369
164
1818
996
1362
1185
671
41
207
461
446
838
662
163
646
790
637
261
190
513
927
1467
1977
681
1197
778
50
835
2019
1904
1701
1091
895
367
1997
687
1447
1832
376
37
1699
517
209
665
1710
1388
76
691
1089
506
843
421
2031
1042
1792
2048
777
1051
247
1505
685
265
665
1746
723
2064
1462
1186
605
1574
523
1530
202
1212
921
1213
1775
936
1309
1267
547
949
1365
354
1389
1182
96
1345
1288
421
742
315
743
182
1368
1062
159
1047
1246
124
314
1132
238
1850
1836
1757
1906
1339
1186
235
1125
1895
47
1755
131
352
1310
993
1732
1829
2062
777
286
1465
1153
250
1900
303
1472
1594
808
808
1865
1248
531
545
54
1549
1789
2061
503
807
957
1700
563
2069
986
1939
1978
576
346
882
1737
1470
941
192
1757
1563
1949
1069
1544
720
1052
1777
693
1022
652
688
127
922
674
314
1475
261
58
509
1161
1603
295
2094
361
82
1891
1749
948
977
1013
1480
217
502
1451
1372
1976
1832
1757
1458
101
1295
340
72
1254
1457
1872
90
1181
121
560
1052
1832
443
1078
1357
1003
1098
1160
615
854
991
813
343
17
1806
1600
754
1381
618
1214
1820
971
645
716
1921
64
1464
1265
1554
1109
362
698
1830
618
2067
479
1099
717
1718
22
126
585
470
464
1691
1546
1702
1232
1775
706
791
1663
341
1507
1039
1664
656
442
921
1824
238
209
932
198
882
1995
416
684
1282
907
267
1705
474
1629
1008
134
1022
1156
273
1720
1590
388
438
1488
440
845
594
1424
1353
1137
1948
1963
310
1089
1006
1815
1724
500
561
1615
924
1273
2006
664
2099
290
1826
1013
1606
1911
773
1290
1464
922
995
424
518
1075
1889
655
37
1074
196
709
876
706
1332
657
1959
1842
636
679
1068
1075
680
1520
2022
2032
2085
542
1085
831
1836
1605
137
442
1969
976
1723
1100
1963
1630
1078
1543
168
994
2056
1435
1600
317
1439
827
1919
158
220
845
1478
1178
2095
1811
322
1115
1690
1484
1630
2029
1593
1635
1301
826
308
1696
1926
1553
662
1907
264
789
1047
435
1910
1275
112
1223
281
1691
1933
510
50
1209
995
1191
2004
1390
1063
736
1200
398
2041
1324
1466
1243
174
1283
2090
1779
1973
1124
1504
437
708
1858
432
1273
2004
1998
1222
451
824
225
1387
1116
1088
1657
1060
1895
529
1758
2023
1831
270
1736
1722
1537
473
6
1039
1748
202
1747
1458
496
60
2059
1337
1024
398
47
940
45
1682
998
1779
2087
360
1287
533
813
605
1207
1242
2079
968
1912
777
2088
1650
1126
797
681
790
1390
425
1559
457
1608
53
1411
327
366
1688
1581
1747
400
194
989
762
106
1249
476
1792
694
1221
1458
1648
1797
194
957
453
1742
1528
938
1489
729
1424
1304
1793
761
1965
284
1728
1973
1908
317
192
447
286
2086
33
595
716
1908
536
1815
1706
1300
890
30
1300
426
1879
153
1378
1771
998
531
1083
213
914
1851
17
670
425
2038
1406
1471
1176
620
238
1711
1339
328
1303
1712
1685
1098
1214
962
1434
1574
261
1422
960
1213
1185
1674
1136
450
1823
234
264
1869
1650
931
2005
929
490
1479
1937
1058
1324
94
984
615
1850
1728
1478
1321
1574
520
1009
1785
1163
900
1289
1259
250
1184
849
1200
434
701
471
1803
553
1747
327
1266
1521
639
1489
1637
1656
1531
247
1641
1304
1978
229
96
485
1106
135
669
547
1092
1908
1616
1688
856
2099
1917
359
1617
1030
14
117
1237
116
229
962
15
1808
1516
667
967
2077
362
122
489
1804
1476
363
586
1515
1795
1768
1694
1313
1537
210
1493
1294
1486
248
815
1477
438
768
58
34
898
594
1850
1093
1794
1139
468
829
1348
144
1280
663
925
697
207
294
291
1653
1079
1729
534
1946
1486
1618
185
1276
1693
898
1699
793
689
212
135
184
1495
1277
21
257
489
8
667
834
1216
1256
1807
1303
510
632
76
1065
334
532
1888
1451
45
868
2008
1164
2011
1600
934
1240
955
1829
805
1786
1691
336
1497
1968
2035
711
1677
1499
1455
1316
1473
494
1343
1941
1695
1541
858
185
1437
1505
49
1121
1222
58
86
2007
1091
767
1508
1086
1720
1080
525
1969
615
817
573
987
933
418
1606
1130
1777
952
1596
355
110
570
1099
1595
20
127
403
305
400
1788
1806
1744
1996
196
558
541
369
893
1758
1463
1438
991
1863
1088
1009
212
115
921
1677
938
1299
744
203
847
1493
896
903
1509
312
698
107
1710
1934
1806
1791
2041
1563
1136
125
1309
846
173
256
1882
1050
139
965
1435
722
934
431
1819
1275
1121
45
358
1917
1845
985
2020
1037
1566
1638
1405
232
1426
834
695
631
1588
521
479
674
908
1675
723
1477
226
1568
109
1627
1796
148
331
255
1476
490
1334
593
722
1294
1593
1582
1883
360
545
897
543
2062
1882
1038
473
1803
1811
477
208
604
1438
1373
1197
2013
144
28
1099
878
810
897
1170
62
385
618
1010
22
984
1588
303
1339
1798
174
1290
1452
456
1685
1942
2078
336
378
938
196
1221
1440
1962
1437
1685
1494
1779
1851
1899
1013
1781
900
1491
1801
1130
1501
2090
1042
2056
1092
58
8
906
1081
1019
848
1977
55
1844
1911
1685
1747
1947
20
398
1277
1637
1453
1968
1115
1530
912
72
888
1639
1011
1210
1971
1790
772
555
1941
730
843
1135
1821
1200
466
32
374
494
2059
700
1591
1240
623
1710
583
985
922
617
1329
76
451
235
340
1004
1419
1615
812
1280
721
1880
530
750
1697
1659
1772
684
1885
1524
708
1193
1424
297
1133
677
1221
678
353
468
377
941
1078
613
1737
1010
1707
708
125
910
1532
415
1079
1649
1615
663
166
4
850
1366
335
249
2039
1726
428
1790
251
1650
669
33
817
1167
859
2020
111
868
1389
1322
875
1301
1093
907
178
338
1669
431
1858
616
875
1407
1879
1068
1488
631
548
307
785
1237
1449
824
874
1373
1862
542
608
368
684
896
2010
1687
2023
175
2080
123
1894
1319
1181
1671
1924
1340
1191
1312
110
1516
1947
1159
1665
264
807
1205
1947
430
1070
1873
738
1354
517
337
1586
1146
864
678
324
930
2013
952
129
1308
2020
1261
1123
1620
1702
848
1507
149
854
814
761
1333
1493
144
1485
257
670
921
1358
1388
299
1008
1447
1279
798
793
376
1823
999
1050
900
2035
78
189
1608
13
1126
358
660
1092
712
765
38
236
414
1620
1802
1854
1410
162
295
1322
490
1444
568
1732
1565
870
845
785
663
325
1751
652
1667
1232
1858
53
1337
2078
1423
860
1342
385
498
899
1727
202
73
1058
673
1240
1649
164
1572
592
948
633
300
1820
1459
708
140
452
370
1034
1935
61
1654
404
140
1908
45
427
513
719
1089
838
176
1555
116
437
784
1010
805
1860
1286
518
213
9
1931
267
2100
177
1917
399
579
1911
1408
1286
1551
976
29
1554
29
891
731
777
931
1084
467
1516
111
1428
380
1671
1685
251
1115
411
1766
282
1746
1116
1518
1654
686
1790
634
688
516
1316
259
637
2096
2061
367
1946
1798
1978
1809
568
106
1889
213
1859
83
1951
2071
949
921
200
890
62
916
1355
2077
2001
1676
95
672
1830
965
1757
1547
1089
905
1861
1920
1751
743
791
590
1725
2042
1775
1516
733
205
975
840
265
478
1646
799
848
1559
1923
1996
476
356
904
671
704
35
1349
793
450
1467
1383
335
21
638
1731
1044
548
810
102
1267
1993
1216
1813
2083
1149
739
82
936
1815
999
2078
836
136
84
1980
176
1910
257
2100
723
1453
1704
256
2018
1014
1946
1852
1207
1378
288
1800
64
707
1194
1450
2042
266
1592
1537
1859
1053
1047
401
1070
819
669
1917
968
1800
1143
1712
1845
1331
1390
1838
612
1861
447
616
826
1053
675
1465
720
757
1026
793
386
695
818
623
365
5
424
66
1222
982
1389
995
761
820
1789
2065
1583
1159
1915
1294
1697
1439
714
1374
29
603
964
262
1261
1085
2032
571
1122
730
1368
1458
1758
577
565
747
148
1813
929
1535
352
1700
1630
1762
1952
702
1841
1524
744
1067
1942
1998
1103
252
646
1719
1478
1333
328
2043
1139
1099
1848
457
268
85
1596
840
1438
975
1102
88
756
290
114
1605
40
1665
437
1696
651
858
1454
1184
1397
768
35
965
1088
1262
1152
2039
1838
1574
622
2031
37
1144
2056
2041
1840
2017
1874
1933
1089
1159
495
456
1904
395
1382
909
1225
1346
1672
2029
656
2028
1868
1293
1990
1980
1912
143
398
1128
1022
1069
936
1076
1883
120
1704
1566
2099
1374
1186
321
701
1275
71
895
2078
128
253
1104
1143
1256
267
1454
1638
819
150
1764
1911
1333
1065
1665
1350
1441
1418
1936
82
1368
1957
1696
1976
212
11
208
1011
1509
1357
81
785
1565
1061
1404
269
1538
1851
1042
1747
144
674
897
1902
356
932
1833
1918
1122
1865
343
672
1530
890
1136
259
984
826
1877
1078
1451
519
1829
182
1742
1728
886
407
1103
408
1473
2025
2016
661
1442
485
2017
1140
864
440
1472
779
1758
3
258
1588
1088
1387
352
1225
1118
1643
1541
238
645
520
1905
1780
423
2010
59
780
1387
1752
913
350
1301
1146
446
1108
971
154
1857
455
1299
1636
1233
542
1587
269
1104
701
1064
1396
1712
2076
825
179
813
1891
1704
1273
1298
20
148
223
761
16
1904
1692
1778
1973
1936
44
652
580
990
1075
258
1545
235
971
134
1647
1935
1696
1887
26
1644
256
1474
1325
1411
1455
1547
1213
1642
1654
209
776
44
1896
1501
771
478
548
1973
1418
1515
1102
329
1240
471
804
1856
504
430
198
509
2065
318
976
46
1202
1800
1649
1108
46
1535
966
607
1652
1426
227
1304
1014
750
1715
717
1488
2087
976
1811
1443
347
1374
157
1047
1573
1183
548
795
1524
385
388
692
756
289
146
1355
640
1348
1520
1810
1272
877
546
1977
2033
1555
1926
875
421
1559
1090
458
63
1310
2041
2042
1354
346
1500
166
343
1441
1586
1483
1912
788
856
544
208
1102
92
1174
851
203
836
1826
1730
1503
1075
1167
1619
251
779
2039
1146
919
350
847
1397
837
1885
372
1378
936
1593
2096
416
873
727
1624
848
1964
722
211
1734
1006
223
1877
1176
712
1342
560
1074
635
889
1364
298
744
939
530
2060
102
761
1270
573
1702
1710
500
1229
22
286
1995
514
1395
21
282
455
673
596
23
625
861
1950
824
153
1677
2030
3
186
341
47
184
11
518
1497
77
669
2056
235
1969
125
247
928
210
665
455
2088
487
1060
758
1263
152
1076
1377
2011
1934
1707
450
2065
1593
275
606
1376
722
480
1564
1555
1658
183
120
993
1989
1172
1456
1190
1547
842
926
1855
1019
1618
400
960
438
535
304
1086
1593
1058
182
1228
1402
1173
514
2052
889
1209
888
1414
1818
908
468
236
1649
798
689
929
806
548
1324
914
607
1558
1786
1115
1680
1590
1619
33
1411
1296
316
1371
1315
1760
1171
753
922
354
232
1813
593
1445
1363
1701
409
1262
565
230
1746
1309
86
1256
1371
1363
2040
235
437
799
1979
1126
1332
1780
1275
1292
1829
452
1396
1790
4
81
24
2083
355
291
1132
1315
217
2093
1977
1551
1961
1104
151
1124
375
230
1191
420
1443
1085
1185
49
1085
1765
1592
1275
1844
403
2065
1094
1336
998
750
328
976
1903
511
488
614
1996
537
452
1233
1265
609
124
2062
897
541
2080
1472
719
1890
458
1730
1199
818
1110
1425
285
932
959
971
1919
1008
593
874
1282
675
592
1016
1071
1522
1636
1418
363
777
261
1732
1186
1594
642
1744
1478
640
789
764
1236
1863
236
454
832
1809
163
1914
1293
1950
986
2029
1331
372
1012
395
1531
355
1504
568
1001
1355
838
1310
2087
1333
352
1282
1835
1709
1485
286
427
1845
315
1892
1604
2059
2013
193
678
410
619
1025
1103
952
1962
1080
223
1195
596
1814
189
29
810
65
712
1958
722
978
702
449
1367
1928
1826
868
449
804
1705
322
876
1999
1458
1547
1679
611
1903
325
1110
606
163
1776
1069
1456
1238
2048
609
1944
985
953
495
1447
390
176
374
1675
1873
1977
1300
431
616
1229
1516
1145
2031
1376
1907
657
1789
581
185
912
81
1583
798
848
976
1654
75
1896
1926
1530
875
115
1099
828
936
2058
1390
1709
555
1214
242
1860
2038
765
70
1990
663
1508
382
2039
817
1624
308
1104
2067
742
1661
1829
78
1626
536
1786
1058
757
1178
1685
1280
946
985
325
189
1758
1368
1898
1327
1996
413
1076
804
959
1332
1311
1087
261
307
183
2069
2014
1152
2023
1525
1195
329
1152
725
263
1064
994
1352
1442
1685
177
593
523
571
444
218
1041
780
2079
547
836
210
125
765
1443
2054
1946
1879
1381
534
185
1304
1873
1892
231
1646
716
270
1198
1424
125
496
903
1114
1944
641
346
1539
73
1253
1462
616
752
682
1366
278
1367
614
1742
295
98
1894
1486
577
79
325
701
1217
1411
1775
1976
388
708
277
65
25
407
1642
1174
23
1404
271
875
639
1130
723
365
809
1387
1540
697
1565
1604
1568
544
1315
1286
472
639
1399
2059
1564
1120
1702
2093
1572
1811
473
1207
1791
260
875
1644
1214
576
1775
1267
1380
40
1456
1791
1567
1115
345
2092
741
20
2096
386
1313
205
1245
2028
48
1476
121
1450
1828
25
1054
1002
493
1343
407
1217
1825
615
1330
45
2035
1691
1948
2060
1114
229
251
433
948
806
1387
1275
421
1134
972
1537
1543
1161
1027
89
231
84
1695
1546
1793
218
1451
14
840
1883
122
1662
1544
235
1337
1061
1806
1902
1200
862
1773
258
2079
1614
876
1196
255
1906
1379
1906
1910
1030
1896
637
252
432
150
1504
1627
1900
2027
157
1136
228
2055
1823
965
20
60
1410
865
1167
1325
91
590
908
1005
431
1023
671
529
518
1128
1311
616
1490
1004
1534
297
44
193
1965
1587
427
1942
2056
1961
1990
335
1479
250
1459
363
1151
758
132
367
2040
633
582
717
356
1324
211
2028
984
1363
1678
1707
2079
829
1485
771
289
2030
550
990
106
370
137
542
2069
1983
49
1231
285
821
759
628
170
60
1469
1165
823
1451
694
334
909
684
1867
2090
573
121
1810
112
726
48
1864
1696
730
1836
76
1176
2083
304
55
609
185
1605
1783
886
1166
115
1057
1471
355
359
993
1969
1413
322
1261
1140
371
895
718
1001
1156
1428
2038
827
330
454
827
1157
382
37
1530
11
336
204
1274
645
1224
1164
1565
1293
1380
919
1597
1289
753
405
416
996
1615
105
964
1236
1288
1451
1210
460
1443
727
1061
1637
503
1275
362
1841
1233
2006
1047
1554
501
1883
2010
1987
191
1793
1601
1348
231
712
646
30
1661
2054
633
204
1611
1138
488
1087
1910
874
1635
65
536
414
1181
58
1161
264
1100
1872
595
172
888
1200
402
1980
628
1486
1504
498
1026
838
421
1038
1902
1516
232
1019
1906
1925
861
1399
819
1858
858
1006
437
1368
455
1368
1469
1450
1764
407
679
253
68
1309
650
1864
1017
668
136
1425
339
274
1100
1167
958
416
595
175
1491
1766
1844
1520
91
94
334
639
357
115
1501
354
713
2064
110
345
126
1646
844
33
752
734
46
341
995
1762
1421
1655
1639
1728
1667
47
876
1636
219
391
623
1647
725
1813
1639
959
21
697
1528
1909
1357
1820
1785
608
271
1064
131
2086
1859
955
1050
1445
1831
1648
211
70
1605
734
542
223
492
551
1265
1429
1107
1060
1565
1019
855
2055
45
1586
295
611
1589
1479
1865
131
1893
955
1646
583
1764
713
451
1137
930
1891
230
1924
1283
468
1035
274
1568
635
791
1224
818
1483
1475
1280
1893
749
279
374
1352
1627
1232
517
1390
1501
244
1627
1496
914
57
1990
731
1568
1957
1429
927
426
226
734
540
726
635
480
1811
2064
2045
1791
432
1911
1481
1138
543
1740
145
999
804
352
643
1954
241
1660
1823
1058
512
1836
569
842
320
2030
1458
319
1071
534
213
465
346
845
1313
1954
252
1950
716
1234
1040
898
1742
676
259
150
332
959
189
37
1758
674
581
733
1114
914
792
814
1936
304
2036
1936
1658
260
913
1608
624
631
1760
482
313
1563
1821
1675
453
1615
1385
1138
1842
40
497
530
1099
1292
85
1212
728
519
2054
1968
1711
1205
542
2059
1128
340
1352
1342
187
1954
85
401
906
1869
302
88
805
663
749
470
153
297
235
629
310
531
1312
98
1907
1006
1815
613
1527
1152
1991
267
710
1486
1435
230
677
2027
164
1894
1262
383
1375
1451
1015
396
115
1267
1589
1472
1615
756
1397
1531
140
1080
2085
489
750
192
583
2048
142
1836
1899
1239
1258
1249
546
496
433
2078
608
1515
946
325
1815
1114
1229
760
780
814
1008
1294
1912
843
1099
1222
1004
739
161
1102
1217
1847
2052
1216
1807
1450
114
1058
1508
1939
1862
1126
996
1347
1617
264
1333
1399
1663
30
628
382
1102
1893
61
922
1098
100
794
1600
170
707
1495
508
1076
164
773
2045
451
948
550
1699
341
933
259
407
1813
1496
677
1733
969
759
285
1567
1452
95
534
139
566
1586
702
1032
263
11
1575
517
1862
1102
231
120
141
550
2025
1501
397
488
307
392
764
1264
807
807
154
1866
358
782
1614
1944
548
678
1054
30
1444
1377
1479
712
907
316
1332
1125
417
254
1469
1214
196
219
1865
1652
136
802
400
744
317
1367
684
1659
806
1389
1547
1221
922
1200
1839
331
1020
1797
731
465
1148
433
1183
210
1835
1887
684
283
1249
1968
216
426
1910
1650
469
1381
981
1607
1154
1801
2088
2005
378
1807
1959
694
1817
405
1531
1742
468
1948
1189
1865
99
722
1670
827
1128
77
173
817
1799
388
247
424
418
1655
1200
899
2007
1807
899
1080
1581
492
1603
1172
2085
270
638
480
1980
68
1178
1565
1092
113
1768
129
101
932
1118
622
183
275
210
151
227
1064
214
1615
967
1720
795
1577
2077
354
1524
2062
897
559
352
2059
1322
790
1137
302
587
1189
1933
2016
824
1193
2008
643
1184
1196
180
1555
2
50
28
1659
2085
457
1434
986
53
846
187
1308
450
1469
1951
134
52
1237
941
1258
667
707
652
1881
1930
1253
1242
1961
908
336
624
1368
1539
959
592
51
15
701
1037
713
2008
1288
119
1041
1805
25
438
1543
4
20
418
590
36
1281
720
1743
1530
629
1357
1217
570
1712
850
1807
874
421
1140
1193
1594
244
236
1277
1220
1465
986
490
1057
1023
1422
175
835
1388
1332
202
1627
23
72
2061
87
655
729
691
37
52
1818
1768
938
2024
1139
1030
1292
1785
376
1126
308
1846
1092
838
1553
1800
1266
5
354
794
5
415
1607
1462
800
1053
352
231
665
1244
1037
1633
1084
1732
455
2088
547
577
190
1060
1205
882
396
1608
1017
70
521
1293
459
596
488
1962
567
609
1684
1856
1051
590
484
1108
1972
184
928
1155
368
36
593
1394
1915
1509
1302
1439
1256
763
1793
1443
960
1067
178
800
14
617
645
985
620
1138
271
349
1865
186
713
8
761
1759
790
750
1782
1792
1196
1811
1613
1058
1281
577
980
641
1862
1418
636
203
1308
582
829
1817
1796
77
1106
226
1483
1700
421
1005
86
1659
815
1824
1358
1909
1521
849
86
763
302
297
1408
317
2038
888
1624
209
652
496
1872
732
1406
1467
85
989
1310
1342
844
343
1190
1633
1253
456
2010
1807
38
633
835
805
584
760
1444
605
899
1639
1481
809
1989
1184
1363
16
1184
629
1145
1204
1322
8
66
1200
1467
431
1918
253
1371
66
1103
478
762
2095
914
1593
1418
456
101
7
674
897
1211
1694
1363
1995
1640
337
1305
991
876
7
461
99
1576
2097
1568
452
860
1655
33
1830
1982
1432
1236
11
1933
1447
1732
1732
737
677
2018
1746
1174
1686
579
1027
1177
1178
1432
1085
745
225
949
1839
338
719
1331
1570
1687
943
1165
224
1421
351
474
411
2021
561
1589
1712
432
1563
1558
230
255
1721
777
1819
1198
662
94
526
549
1790
50
330
1912
563
1860
518
672
550
1669
752
570
673
1457
252
349
63
624
1223
905
456
1674
1652
2034
1882
1181
1743
1978
1805
140
552
47
1582
1638
878
1921
959
480
1266
293
557
1733
1383
1088
1644
1688
1528
300
1305
1243
658
868
1700
790
4
1676
824
36
625
539
2031
875
274
1742
572
1937
1003
1505
904
889
468
525
544
1308
958
593
1632
1271
1462
919
1719
531
31
1863
825
1909
481
804
606
468
1194
1517
247
83
1836
1120
647
1701
1185
1256
1293
1619
2021
674
194
1456
1787
405
727
1615
1989
1516
1239
1765
670
567
174
157
2029
1933
1155
758
565
1156
1646
255
542
1543
1920
87
1781
2065
240
1692
1824
1863
1769
817
79
1011
1728
1375
30
397
1286
491
64
1440
114
741
941
1321
1762
177
1719
1459
936
456
1650
1800
604
1680
243
249
669
1832
545
343
2003
1722
1989
1068
318
1658
1864
376
1473
1730
1527
847
1110
680
1904
1492
1853
1949
108
990
808
2087
1476
437
2008
454
461
294
260
831
201
498
357
544
1041
321
1267
691
1636
582
1233
1204
115
143
1454
701
765
1138
1807
1519
1907
198
941
346
642
679
568
42
240
852
433
378
51
1422
1494
1215
523
351
30
1382
700
1372
1846
435
1804
1003
938
1402
1821
1230
1121
916
801
1541
1310
362
1434
1719
975
1801
57
95
1433
1365
899
798
1278
406
717
249
759
208
494
43
1897
1254
1363
2009
2100
38
1646
1757
268
932
768
159
1671
237
1737
1299
344
831
503
1828
218
593
490
617
103
804
453
1921
1071
123
1380
1906
1777
1381
1730
1165
1820
1671
290
1590
296
558
1607
873
1465
1546
31
1982
127
1058
550
644
912
65
555
80
654
110
111
391
1228
1399
1432
1551
413
581
590
1832
763
457
1495
182
668
1414
2054
1223
140
794
1406
2055
471
203
1772
2066
209
1527
964
1410
702
681
1809
1192
2099
2019
1989
82
100
84
148
614
1616
1685
717
1800
1989
1273
2001
1984
1617
1196
2000
1821
233
2039
768
602
372
1183
123
782
865
410
1858
972
1275
1929
407
1695
1928
1021
1216
1746
1544
1564
364
2035
127
252
1999
936
186
1906
1542
2042
1348
2035
297
88
1891
1554
255
953
707
525
1591
999
492
107
1455
670
822
430
1098
961
1564
1467
1804
996
1424
342
1103
1780
1871
922
1411
1061
627
312
1900
437
2067
487
1064
1020
660
1954
129
810
593
1727
1764
1017
1540
1636
132
981
692
920
68
1065
788
865
1963
152
446
520
1929
2030
1665
578
253
1264
280
1384
1209
1367
201
1877
144
171
1441
1028
1452
1786
619
3
1958
706
147
286
1774
200
164
1176
1351
1472
1957
1626
1820
854
1234
349
209
324
1797
1239
676
579
14
860
1187
1565
1362
188
1862
1206
553
1528
603
969
1483
1740
1319
1660
2022
1381
1459
1895
1319
1445
1279
544
1818
1731
666
886
1622
254
1087
1691
978
1817
2052
1454
319
24
1422
255
854
765
1657
1637
854
1704
1204
1707
1131
1152
2040
865
1879
1132
566
1515
1907
1054
1978
1715
35
322
531
120
1262
489
162
1587
981
1536
1793
1764
1746
404
1414
217
440
1178
2090
1737
2086
1989
964
1724
1664
1892
1499
843
1393
874
779
511
177
714
1838
1065
338
426
1799
896
1788
628
660
383
1570
252
293
424
1905
1541
919
581
509
2030
1572
690
647
1421
941
1064
136
1955
1795
1952
83
105
663
218
598
1811
1838
100
451
1834
1951
1667
560
942
17
292
157
52
1263
677
1994
259
1371
581
1086
1627
477
1165
2064
1406
90
171
1213
1092
1961
1781
723
451
224
99
243
770
519
1813
1974
1333
1775
1546
515
1253
1772
1696
1649
502
2056
234
1727
1352
6
1102
1110
909
1692
1394
1741
1403
1822
1841
280
1511
664
772
1499
1712
1570
299
250
1266
428
440
1711
763
1008
749
155
611
1718
1286
1076
9
2070
2067
1143
1618
1946
768
1100
754
587
1067
1701
2020
691
1770
742
1905
1364
658
103
1188
763
1786
1294
280
1508
1237
285
693
575
2065
1707
910
1789
1046
547
188
863
79
679
1097
110
1636
1992
2009
1354
336
1564
70
1457
513
1394
458
307
414
1102
1055
1418
1595
47
275
1928
1414
54
729
1442
1646
326
1440
825
768
155
931
720
1136
786
1994
823
925
1764
1424
765
1293
1659
1301
729
2025
1825
72
480
1342
1478
1476
1300
1717
794
1618
111
1401
1483
434
1807
576
369
1373
897
1632
1196
100
2072
713
1817
607
1097
408
1787
1736
300
977
1259
211
1939
439
41
590
486
150
1094
939
1539
46
575
1729
1030
585
2061
1623
347
2046
1528
1787
1962
90
1050
571
1938
1451
92
1452
550
140
1058
699
470
1790
1442
2080
1597
1848
102
916
1946
749
713
205
328
1982
431
69
550
1606
800
1625
1655
1642
259
1915
1958
1617
134
1680
859
1385
1493
2018
1890
473
1613
794
1672
838
1720
1425
779
439
1920
1995
1072
123
235
1244
2029
575
647
1976
1352
661
108
1978
469
646
236
1749
376
1866
95
1544
1177
1765
2009
441
942
85
1835
113
474
1911
2041
459
1005
1819
76
1200
745
1130
351
1290
1606
1675
68
870
1547
1081
300
1873
83
553
1834
47
925
175
327
1509
1538
157
1079
1710
2069
1276
1007
1574
1087
402
805
1705
1441
652
102
1058
924
707
1405
1820
552
1484
1128
229
1398
275
22
1371
1138
412
420
682
218
1116
403
1322
1277
1312
736
517
353
1146
1480
96
294
991
929
82
1976
1848
717
1586
1575
563
7
1229
577
616
1524
548
985
733
120
911
313
784
640
1568
789
777
736
223
800
882
77
922
1356
1462
1983
1766
1975
668
1373
115
640
1198
576
1617
615
1379
436
1188
149
838
1014
1975
856
995
850
2055
22
162
394
1447
1832
278
2070
1908
2015
1312
741
1309
1002
865
1905
1498
837
159
1591
566
1958
607
1851
248
916
685
1732
380
219
1824
2092
784
631
1312
2024
1683
166
1966
1962
446
1607
1897
1573
656
1809
1831
30
1807
1715
1942
2029
1347
1281
1975
1879
53
1290
1427
921
1130
581
820
217
1396
1189
1211
2090
1774
1678
1092
1302
859
1708
691
1818
1725
1622
1824
1555
957
1816
601
928
1263
1130
1999
441
1312
616
1491
907
1789
342
411
413
779
978
1513
2077
1581
1570
1591
1058
854
1990
2057
1339
1103
1461
69
81
410
1592
1390
1035
1710
1420
764
132
757
504
1766
298
1382
281
164
877
907
53
1371
1922
261
1231
856
390
1457
1951
1056
397
242
1846
1036
49
219
678
1696
1682
1744
228
807
719
1755
1891
565
893
106
435
1304
525
146
2094
2069
358
589
1034
1537
1801
957
400
1833
1611
1566
1025
1453
854
963
149
1003
1931
819
1581
2053
1580
1871
2086
1877
637
533
1712
1758
1062
1727
282
111
1646
896
1686
36
1684
1284
1525
1464
1951
1906
493
85
1579
2
2083
1930
508
1331
578
140
191
1206
722
1315
166
1382
1658
1130
9
377
931
841
993
16
884
1207
1225
1024
44
320
418
1093
644
834
1966
793
1029
1620
722
673
1762
1342
1148
1038
941
315
1896
1310
1108
1616
98
868
942
2035
82
1555
1022
1296
1373
751
2057
547
240
836
267
231
145
54
1757
1554
1653
2
1275
808
1644
611
1624
1998
1444
318
1643
1279
1721
472
960
63
551
1900
289
777
549
1164
806
568
347
727
1955
1809
1410
913
99
2093
1444
1464
321
806
1705
767
1808
527
761
1889
145
1184
978
1520
452
188
273
1502
1322
989
1996
254
241
1682
645
286
336
82
1443
620
1912
1480
1295
916
326
1428
665
1371
1889
1846
529
514
2067
804
881
635
1092
1374
1352
1910
441
1770
2066
1764
1707
683
906
856
734
1637
1393
738
1957
550
311
763
837
1920
1015
2016
455
1611
368
479
1481
1233
1267
1044
135
667
1532
358
64
1463
493
1196
1064
979
1856
1447
1455
685
338
1118
347
2033
1047
621
999
1404
782
1795
652
1746
1677
558
950
1219
820
829
1291
488
434
729
1888
1039
43
475
1079
569
1171
2084
372
1462
1828
703
1575
427
2092
492
1471
1981
1971
1500
701
538
485
4
371
257
144
1700
111
596
943
1654
149
22
1108
355
1065
1771
830
1638
80
1167
173
1070
1898
1660
1057
144
1176
1254
793
380
1214
1253
1209
153
1973
62
1800
1219
1869
1178
320
851
1736
1680
260
1562
601
1830
1305
511
837
990
556
140
934
382
1718
519
2007
826
1841
1233
1478
1559
1092
869
802
677
248
388
1161
896
1503
737
279
690
657
1195
351
1366
1622
1471
1577
335
1426
1388
849
1634
586
1372
1100
178
1232
991
1440
1088
12
1132
1458
229
713
77
233
859
935
1768
2062
1743
20
1261
486
1853
1279
41
980
1337
1643
638
722
1759
320
1507
1760
2016
996
1538
814
2047
1786
602
22
475
1046
1233
203
399
1979
398
410
885
1591
886
2069
728
545
432
1334
1924
746
1818
1909
365
679
1288
1804
941
935
1835
3
862
711
131
477
1143
777
1083
895
1700
399
1789
336
1022
996
780
1384
1461
542
855
1057
2021
810
1671
1897
312
1691
594
579
675
1841
584
1599
761
2041
1058
779
1676
1261
1197
643
1216
1242
1546
915
1811
447
519
117
1640
2025
1345
449
1206
816
419
440
651
1956
1280
280
7
1591
1672
1310
821
1926
1264
428
679
153
1337
938
1851
282
500
378
532
823
2043
91
1729
525
1706
1637
508
2006
262
1199
347
1600
533
26
701
469
567
1193
432
955
1804
482
190
1160
1021
1057
1796
1016
120
507
1654
1963
1933
979
998
489
592
247
415
674
1535
952
1134
1111
1906
312
33
1708
412
1555
1660
535
981
1747
1104
2009
253
1124
1882
1133
877
623
1051
587
1047
1296
477
1461
187
2001
2025
1174
1723
580
356
1170
685
74
542
1599
1704
953
1199
1641
1033
1384
1511
1634
1986
704
476
230
1728
1988
1961
501
1030
308
2067
1325
961
1051
375
1237
1238
1313
73
1475
1325
362
44
1437
1089
1264
29
1379
1238
1829
1542
311
1981
1654
1611
1369
746
1214
1978
1628
1687
475
1495
33
43
1952
431
966
1871
1537
533
3
353
1228
1170
1648
758
267
1572
99
1898
984
547
1941
1319
2065
1801
1504
699
1098
734
651
457
1684
59
1428
930
175
769
625
1047
1082
758
800
1831
1439
1353
1737
2046
725
715
555
1827
1595
1196
681
792
1002
2051
742
951
1388
990
587
1192
399
364
1023
1606
1126
322
80
71
1643
1957
1060
1017
954
790
846
1871
732
792
1225
1928
493
2087
1973
781
491
154
839
279
676
1979
1765
1113
770
1295
1625
1982
1435
301
141
1479
1272
606
1558
94
589
2027
1256
1442
1454
601
1794
900
267
1009
398
2096
535
1881
1929
809
388
1574
1235
2099
2032
314
465
1776
398
1775
1633
628
1177
1102
1158
402
228
1749
1474
1626
2092
1374
752
1899
1593
1775
1706
773
1838
1107
148
1205
177
1492
548
433
2036
406
313
1836
1928
664
150
743
705
105
496
1140
785
510
1038
48
2019
927
189
1708
81
1456
394
354
1826
2081
142
1604
770
538
927
1904
262
84
855
432
1678
1682
1775
712
278
1309
1623
1877
466
153
808
1861
2007
1160
1774
1112
697
1374
1390
241
187
325
255
1480
1563
1318
371
8
1291
698
153
942
1746
1207
1381
526
1075
2053
715
852
1770
14
1956
678
1844
1124
2023
678
1931
858
915
2062
84
1939
664
316
1230
421
1520
1452
1355
1365
1706
882
5
1146
1132
690
891
2072
1202
1444
187
1572
226
40
177
1410
299
534
897
1895
979
1818
320
1491
317
1064
277
347
891
665
1815
1794
357
1914
431
1883
1366
411
1844
817
652
1979
1235
1633
1774
905
1670
1963
244
350
807
1761
549
1429
2025
1462
1091
1948
2067
1662
638
1480
1877
1152
1929
1349
1383
170
1552
1187
430
461
24
1629
1585
548
1182
70
550
1955
161
941
1393
556
1718
84
1185
905
1555
1675
1220
1024
87
255
652
76
908
1811
1704
175
1868
201
1619
941
1674
1281
644
1652
713
124
1777
618
1709
2075
1300
583
2025
1758
946
1123
1110
2014
1161
2069
113
92
1917
98
1704
29
1207
424
9
441
498
534
479
1470
1986
657
1795
1239
568
815
1023
575
142
1136
391
1182
1080
1784
265
1554
1284
1173
886
838
758
1998
2041
1559
827
1532
1011
936
127
469
1560
1731
693
545
307
516
1560
3
623
580
733
955
938
1934
682
1718
1770
819
289
2079
679
154
1800
155
1284
619
999
388
1006
1530
1439
676
1734
1629
1669
1489
298
663
501
1872
280
1605
916
1507
403
88
1416
1079
1900
1660
469
2062
1339
147
1369
2009
1224
1899
1564
65
1470
806
926
895
1852
537
1383
72
957
889
187
1868
1479
377
426
353
1490
583
460
1933
1217
1140
14
452
1949
354
183
218
1616
1839
535
1850
321
1701
1951
227
1844
1181
2009
182
1331
943
1888
946
1686
295
745
797
393
2080
1313
121
1005
1011
38
35
1942
368
291
435
1965
716
1971
1434
74
607
617
1309
815
1928
224
1637
1424
288
1246
503
1911
861
1092
1242
308
1863
1805
520
124
444
1302
1921
1418
1513
2055
376
344
1435
596
349
1832
1798
2061
521
1198
627
1116
148
139
2091
2081
1999
582
450
1607
1868
725
930
1387
134
1734
1315
152
176
492
1125
1890
219
654
2072
914
202
1397
652
1607
1741
1675
1661
9
2042
965
1462
1321
531
570
20
58
1136
1771
335
81
188
1666
1883
237
189
876
1014
1958
1242
1792
44
698
629
1690
1054
1659
21
1347
998
675
432
355
423
998
574
101
1222
371
895
813
146
738
1774
752
2100
467
1131
98
366
1498
2075
410
271
631
1505
746
2021
1528
1092
1351
682
627
1140
417
390
375
256
532
1725
580
838
1182
835
414
119
1740
1969
201
189
1137
1694
753
60
1013
414
1811
742
627
1568
493
2095
1879
1891
1368
1244
153
134
1972
800
1362
64
754
1808
759
538
1709
1296
224
780
1540
317
598
1280
987
1255
207
1296
2097
1874
1979
647
1540
560
1205
743
1292
837
15
37
1958
1920
1424
1480
1926
1160
928
1102
1903
1603
1671
1243
530
257
1957
151
1046
1740
1881
1845
823
1853
1128
713
1032
1445
858
605
398
1150
1765
823
910
1965
1382
64
1069
727
1137
1744
1777
1791
96
761
118
1742
637
455
402
293
606
579
550
961
1380
289
915
822
1072
335
430
1150
1022
236
1753
1809
2072
614
1300
52
914
324
1166
545
943
1023
1064
1691
1254
1992
286
1848
1694
1594
209
1083
1104
1479
931
17
900
1771
103
1789
32
402
665
1099
1443
477
420
677
446
303
1325
1106
1503
1572
1771
1276
1772
133
382
795
657
1304
2057
1401
2097
143
1118
641
25
341
361
730
693
1834
1161
613
455
1490
856
646
1200
525
1540
985
703
2038
1079
282
189
1900
942
1315
761
840
1831
2008
1910
153
1139
1753
1148
753
1830
1976
333
1658
1296
25
2081
1704
1650
764
638
478
1729
2085
1504
680
469
864
1410
807
479
1577
2070
1288
437
63
1753
634
1309
1888
293
1016
958
510
1061
819
1434
350
1999
367
1810
1797
394
1946
688
1771
327
1839
817
1525
1334
1751
824
527
1580
1033
738
1186
510
1922
1034
1458
738
1905
75
490
939
1601
555
2030
1041
1827
1182
1137
2067
1413
1773
430
369
1322
1367
1397
1551
114
870
1810
1597
364
324
1608
1980
329
255
2030
1337
1692
1459
542
281
1863
1721
1531
1109
388
1670
1156
1808
1385
491
1537
1375
671
1485
1237
1619
1977
434
1991
701
1244
434
304
1483
132
202
44
536
1751
1500
121
99
1401
813
101
397
831
1475
625
74
234
1144
1325
62
1514
2005
729
1009
1022
1350
1582
173
742
909
91
1119
1293
1892
2045
695
1801
1776
1765
928
1755
300
333
1380
1560
1152
1375
1357
654
1691
1952
1490
371
228
1205
1167
444
1042
46
248
2047
264
1367
1862
1393
1443
1255
1732
210
425
473
1640
753
976
1018
1900
247
1558
79
1787
723
1567
1991
473
743
545
854
1280
1446
638
473
538
868
607
848
1036
1759
346
1458
651
118
1065
1197
424
1331
877
1042
1037
135
1537
231
1385
487
1545
583
1445
1494
1267
572
1347
259
1978
2060
1956
1083
821
513
1356
863
669
285
141
645
2025
35
22
1981
641
1324
954
2031
1796
575
332
2027
2010
29
896
779
1999
196
1910
142
693
1296
1838
935
312
1308
1399
1182
1362
925
986
1161
779
122
1788
1617
2064
1410
565
358
13
598
1187
1816
1679
354
248
1485
2008
631
2036
17
576
819
1318
1865
298
21
716
1988
882
1774
700
1011
284
1641
1295
304
1454
802
130
1721
1407
1026
180
1732
1825
1100
1704
1140
688
1240
976
487
446
714
475
103
1549
1907
799
1588
859
263
2067
1265
1052
66
99
678
177
75
828
1866
674
439
1490
357
598
76
455
1007
1047
1432
622
2095
2090
1989
196
1081
869
18
263
81
84
1825
1581
1803
1181
283
1517
28
1244
1684
963
218
355
911
746
396
1964
913
845
1498
198
1634
1001
1647
661
1826
1568
1291
393
1819
984
788
280
126
939
917
1277
1828
550
632
334
121
1579
1110
1797
1915
2018
62
136
214
917
1131
870
1390
2029
1006
1650
289
773
453
85
1852
607
1557
1452
1478
1462
1064
1369
1692
931
1635
1223
920
305
1291
741
1810
1664
1869
927
1383
701
150
73
2011
1621
873
1009
1568
753
920
48
721
1873
1046
1198
481
695
1357
1323
1372
906
562
1897
1560
813
1009
1857
1613
1877
525
1981
1126
233
697
912
657
223
1377
336
1197
1674
1959
2022
1637
1867
531
436
2071
80
1570
1519
499
248
209
1007
2007
1737
1897
1958
230
73
1160
1283
345
487
1187
1038
331
418
181
357
393
544
139
1282
566
7
70
1085
404
1293
1959
1165
1671
301
331
1959
1544
1680
1134
133
178
438
1650
873
172
201
1001
765
9
1311
1235
1801
987
1300
1915
2076
6
606
1186
1826
1600
1094
852
768
507
2041
596
943
45
1688
575
105
442
1032
671
42
863
54
1289
1475
900
841
1454
1225
1533
2091
1899
243
799
200
1303
1642
978
1875
502
277
573
831
544
1084
1560
1178
126
616
280
143
1109
1660
935
722
926
787
897
1968
283
1615
606
353
1481
1809
1948
815
1483
186
2018
882
620
1034
1011
1116
1094
1266
961
717
2036
1589
581
1158
433
457
148
1403
137
1453
2042
1566
1503
2005
791
1012
677
1301
849
1036
1761
1892
932
1301
905
987
351
1358
36
210
607
1001
698
1570
1364
2001
1695
170
277
1941
1116
1752
463
1864
1352
203
209
148
30
1488
1358
329
848
1930
332
1595
2034
582
432
506
1222
527
575
351
545
823
589
474
2065
335
1446
56
433
2029
670
416
1152
120
1847
1343
1349
823
1652
354
96
24
346
143
1107
118
1007
780
442
618
1159
489
1935
1654
461
202
297
1193
1829
1898
1332
1772
893
1676
4
697
23
1679
571
1825
669
390
1990
2087
769
909
865
987
304
887
395
1553
628
467
764
1856
1895
1965
686
1708
674
1375
2034
639
1603
955
1298
1375
1424
614
393
1128
2
1012
195
97
757
1642
725
2096
746
184
1199
673
1858
1177
1630
885
1018
1670
2054
1676
1504
706
560
1321
744
874
1574
1573
1366
1463
770
1397
140
863
227
712
69
1421
1951
536
526
369
1283
259
1347
1378
39
1890
1701
1596
745
2007
173
868
1213
1825
315
1038
1925
227
995
1956
51
1964
875
865
172
868
1373
1010
817
386
708
1378
2029
1190
1537
2031
821
1449
494
1933
2058
1856
682
186
1791
2051
1385
1921
2095
86
1056
552
542
1033
1779
1150
1692
226
1087
474
388
1637
227
252
263
548
164
1680
1186
130
1246
1774
732
1183
719
1458
1278
1151
1626
1652
1594
989
1346
1247
985
179
987
521
1856
1389
943
1342
365
1075
374
231
1005
641
174
1371
1625
1429
800
590
709
195
576
1768
355
1930
1935
1839
692
1161
1492
1838
855
708
735
1315
1195
634
1838
572
1202
1007
1836
2071
1240
347
53
1784
1444
117
1138
716
1032
1982
342
782
85
212
1026
1309
899
156
518
634
125
24
1296
1770
1365
150
369
1682
495
1576
2095
858
820
493
1235
1492
1237
1793
201
1008
1853
1011
1591
18
497
366
847
936
1534
1480
1854
1977
2086
1810
1186
298
585
269
1439
731
345
1447
89
932
1232
203
1401
1944
1638
1883
1217
187
1090
1860
1091
622
1912
1818
1656
832
338
548
456
376
1827
118
1861
1567
1481
73
1288
470
1402
428
115
1084
365
1793
21
1008
1209
1195
1810
812
1501
1563
1061
1889
960
590
886
1243
1766
888
714
952
285
1143
1229
1917
1702
1207
1731
1020
1298
1734
2086
1024
73
1633
28
1107
1327
1207
1094
966
1993
1264
1092
1759
1374
1466
941
1052
1646
153
150
1724
497
458
1930
177
258
248
1962
1005
692
819
645
1606
358
1262
1684
1498
329
1080
1475
963
926
1887
1368
629
1138
1214
478
1667
2032
1349
259
2017
633
1087
1195
1093
1657
950
1626
707
73
1329
1640
339
1418
1536
603
1789
786
2006
72
831
742
682
390
2052
438
234
838
1138
1768
92
2070
870
1101
1922
175
2009
915
1329
1818
1202
1434
1126
1429
2097
865
1107
2015
849
282
692
1774
106
123
1546
1603
1431
2064
514
374
1579
704
2061
