298 528 306 696 695 3376 815 4554 4313 2206
543 323 289 466 308 3170 191 486 4605 443
8232 8231 238 1062 8236 2247 9727 1456 209 1281
5503 2469 63 54 187 856 11084 441 173 1098
187 1491 405 1021 707 1874 4611 190 197 2838
233 18154 2605 84 1075 682 295 378 11079 10895
13067 227 11926 3934 7056 8201 14877 300 67 3942
701 787 461 294 1090 617 99 1134 1732 2220
4394 554 230 15812 1158 707 11554 1156 7499 1415
64 1399 310 1820 292 1534 1778 790 886 291
993 5254 4156 1463 6128 968 377 296 9133 1409
3763 1545 227 229 1406 16965 8884 528 6189 188
63 3240 3542 3551 812 1390 2416 601 316 7095
3455 852 853 9960 16883 4355 964 1975 238 234
1400 72 546 1098 4601 1412 5434 1239 159 1412
5011 5013 2790 5007 5003 3972 2775 186 64 1093
331 1632 1625 154 1628 173 289 9131 2716 835
772 6759 6762 621 748 10282 3056 830 199 2149
222 2572 12488 12483 1242 2473 1423 9761 4031 263
1635 1616 1617 429 425 2143 5845 72 4171 4790
4226 15 13 17 1873 481 1369 14600 540 226
17486 17488 679 7175 2111 6811 407 723 8707 830
13647 227 1410 4865 13650 2616 18173 2344 546 289
3202 389 9116 9087 289 5636 5828 11890 98 1372
1971 8103 4710 89 8594 344 11030 1244 13178 209
65 7324 2101 3026 58 429 543 918 2145 13839
7113 5004 2143 176 2963 8356 3805 191 154 701
289 466 1458 679 67 288 228 468 1099 485
11365 11406 407 968 238 67 691 4922 227 1384
511 7935 630 4675 506 1202 9551 157 1943 2379
11979 1755 11516 6289 1179 217 53 524 706 418
1979 2931 4596 331 88 903 7378 3712 1679 3785
3627 3682 1512 689 5785 886 877 212 8786 9873
13876 9122 2772 383 13866 13603 6790 18469 3279 8126
65 18327 697 12452 1424 704 3118 88 15895 246
1400 15893 15902 1185 12553 7211 15093 2970 279 152
498 3498 288 302 290 1707 730 198 683 10865
3859 65 9084 9083 3753 2013 6910 1350 4890 205
10585 1177 12283 4608 15 67 4641 3593 225 298
316 72 206 2277 2521 5988 462 2604 868 863
599 1810 11301 1366 4460 808 14599 528 548 11284
10225 610 565 13999 1227 2019 2956 1710 3255 697
4807 1703 9274 1013 959 604 2082 287 1061 17627
67 691 5348 4775 968 195 212 14736 4428 327
56 1243 17805 7442 1122 709 6120 418 575 8987
316 3676 511 533 172 954 11501 4009 279 233
55 12102 6792 3198 2983 1369 3067 1513 15 2067
6278 6285 3470 6284 1358 1411 2179 3382 511 7028
3749 3756 1378 966 307 207 534 1390 11069 461
5785 3467 5639 220 1977 1131 5596 1707 2075 429
18557 89 2396 535 1475 55 10245 66 815 306
14708 8991 1681 462 14700 1835 9548 907 498 310
978 486 1145 371 408 233 599 3271 468 1349
289 690 89 1032 314 5130 310 154 1396 621
877 10638 10631 10635 3988 4451 6527 360 10254 17980
1892 997 2787 2941 1079 1196 5128 330 424 915
492 268 4103 8596 497 55 951 4100 523 1892
1990 5836 1075 961 7660 4936 15770 1596 324 1873
1174 1177 212 1172 444 8436 11806 6453 190 227
2306 2334 2329 2322 2308 157 2137 67 9506 11110
1057 915 302 531 300 903 779 1681 3670 17166
604 618 2277 3200 12070 220 4541 3242 295 3621
2088 2097 2092 5570 393 2575 227 3469 15975 320
2210 8292 3028 1547 8300 2903 543 9858 10635 834
1188 3197 1710 540 1186 163 717 3317 12124 599
226 517 4092 1400 707 12800 810 333 89 2344
1580 329 908 288 701 8479 1972 154 859 1191
10881 10882 72 10871 10883 2475 790 538 5195 301
5089 17879 1098 6939 13126 3109 333 234 424 229
59 5485 2469 163 998 464 1407 2896 696 4452
8975 7259 13797 13827 13791 8657 4821 525 704 1416
1768 980 64 1398 1983 6699 163 250 599 3030
2209 805 4179 2203 2595 296 1047 8710 344 709
375 1034 487 2094 89 495 7393 533 13381 1520
16199 420 16196 7 4895 3063 14931 1343 465 70
420 6036 72 1990 1983 288 1575 209 333 863
53 436 220 166 227 190 1904 2179 38 918
6594 6217 12005 4495 12026 528 707 3708 314 646
1146 441 225 1150 390 4460 300 315 1350 1202
562 632 4613 10910 5299 481 2277 2797 679 1793
10964 289 67 524 3239 10402 161 1582 703 455
1052 533 4129 1787 4249 4891 470 2092 523 187
355 1705 70 492 1504 5803 3502 15686 874 466
16057 1964 16055 16054 4064 930 4538 2271 524 2555
4945 3317 682 4497 1552 1936 2006 646 2190 527
1712 56 1703 1534 517 932 5948 709 1416 2608
5372 718 5369 5367 5375 16751 13212 1081 6556 84
10675 518 2579 65 3997 1522 701 18004 952 159
100 51 5097 1014 999 6307 709 18172 8626 2089
859 12329 2624 12318 1212 1383 2838 911 9021 192
5453 706 4087 718 517 1201 1242 2440 190 238
6187 237 432 2121 184 13141 67 4136 3727 537
89 349 306 333 290 2142 2788 3346 18135 227
2469 13848 5071 3132 854 526 257 1040 13478 416
1464 986 5020 70 951 10570 12227 2785 13719 8207
679 474 294 377 546 966 16595 1239 1190 1436
2542 620 72 199 88 220 333 238 18286 9374
4225 1613 4994 217 4888 288 3785 1686 891 2600
2392 7273 7279 3110 7281 2440 707 205 209 966
15915 405 7352 3169 1681 5902 198 475 624 436
982 207 1390 154 199 5530 340 63 10848 89
61 6068 6067 1013 6056 4155 868 1967 1098 1208
4259 1905 2839 10613 1447 12946 1804 843 3279 1106
1180 191 377 537 816 412 1705 1216 173 294
7463 605 9242 10998 173 536 458 2104 2271 5334
542 1035 320 89 471 511 841 15459 1772 1098
1043 779 464 1185 1680 290 681 528 1626 423
9529 1411 511 250 5845 4861 4669 324 1131 229
2836 4105 854 1360 8351 432 5060 326 2977 8503
1344 10770 1530 1804 3540 88 11806 228 503 4780
100 1019 167 993 6780 215 3062 971 2166 11734
17967 16742 17962 17970 11520 1406 306 7140 5691 71
1795 70 1073 6502 6501 1098 159 3201 906 289
3039 1546 1988 3033 3042 1418 1072 89 378 5679
4286 811 2370 2664 2963 11900 430 3996 6155 2187
4923 779 768 11695 1191 2013 89 2582 8970 7152
1047 306 89 461 288 4350 4562 16771 424 301
16799 217 418 16797 16794 12259 1505 159 311 1193
227 208 1414 8056 163 1099 225 3184 1112 6148
172 2661 316 291 67 489 187 1073 10403 703
1738 1396 15078 1397 15091 1369 6284 3892 1376 7582
1522 4505 839 3549 2944 13073 1801 2004 5071 1772
1114 295 9365 9368 518 171 533 680 6551 11036
15479 193 706 77 735 2101 306 12821 5423 1246
11479 11484 1117 4087 2711 13052 1458 165 206 2681
4391 709 1155 157 4386 523 3693 2693 2054 966
1104 289 7316 1394 7304 10113 4385 1014 16721 13619
1954 229 204 210 546 252 479 190 15289 16244
506 9555 11483 163 5441 7991 1609 1632 3956 9011
1786 81 1072 227 961 2959 528 1459 1778 3992
679 479 265 6713 15154 292 930 302 455 5913
1300 3186 707 1710 56 481 49 3739 1155 8765
991 6454 7283 7281 295 2665 424 4177 4273 234
81 9366 518 378 9365 2624 969 306 2276 540
471 692 1038 89 4223 321 1037 3063 11548 2051
4473 3376 3393 11249 3741 1392 683 2607 291 4143
6505 1073 81 2044 1711 646 18344 4105 730 3863
4856 81 4857 101 1156 184 100 8217 546 993
4734 3184 504 1091 171 11548 250 9641 288 2289
714 5749 708 932 1545 14964 9470 11249 10689 1427
291 288 15835 680 15832 3735 207 728 349 17982
475 317 1934 285 349 735 2179 3279 1824 9429
17463 1242 533 16840 1048 3175 295 5079 618 3081
3750 11971 207 13688 11754 4717 13168 8372 804 412
3606 344 2442 2449 3765 430 1840 15335 7056 338
680 291 2546 289 307 1556 982 4576 1875 67
257 289 689 300 2137 982 1808 917 8975 841
4870 333 325 4350 972 3057 1844 212 18162 1672
328 314 251 157 308 752 544 591 5346 691
16738 5072 16739 298 4024 5966 13953 4262 380 528
982 226 425 159 989 5172 6241 13378 7634 4867
1048 521 481 471 951 1009 377 2548 2972 18263
318 333 1428 67 191 8078 441 11206 1767 532
1131 1216 8659 8661 5172 3505 198 285 1874 300
2624 2787 2785 1122 4130 4467 193 1054 9317 609
6743 995 193 1013 711 10744 544 10403 2708 1038
698 6217 450 9404 172 15673 2512 512 95 932
4837 1249 687 1105 1100 1632 1515 615 7390 5787
1249 11147 11150 1238 1444 854 68 292 1519 959
230 67 288 502 229 81 6377 3714 18235 2930
3560 300 67 288 972 229 3946 2424 4894 13187
300 89 342 518 4286 918 15211 25 6497 1742
2545 1601 329 157 2439 10565 396 964 4876 858
12021 1731 12019 1155 7502 294 691 4079 4118 17496
14473 498 220 3468 511 1179 1934 915 3902 300
1531 841 1344 10769 1529 391 4586 13431 386 16406
377 306 1090 445 4181 97 443 344 173 4932
18691 4972 8699 8425 9528 1098 300 312 2455 720
13799 13805 13801 13823 2144 7838 162 679 15785 4831
856 705 3946 1406 2206 3713 163 349 7532 333
2415 1401 2572 6909 606 227 1300 203 1300 2017
1190 1249 1868 2618 917 2254 1360 72 2515 86
239 8096 4713 8083 4566 928 13611 1596 903 299
1239 4822 4821 11548 1378 298 466 293 709 228
157 2020 2788 67 292 1150 1394 3624 321 239
4756 1181 5140 498 403 288 1379 1090 299 461
512 1852 230 2959 4428 3743 172 9402 300 3389
5044 2081 14903 14906 14902 4936 2018 67 2873 706
16420 15881 1720 8594 9206 1067 1377 11602 3295 962
13033 1888 17032 17035 17045 1286 12425 706 257 466
689 2439 227 951 1934 907 9233 863 441 13675
2987 4177 7249 8728 8724 163 13198 709 329 2526
2901 1338 500 4280 9334 13929 683 7172 17490 18450
2352 2247 291 5073 349 8915 441 1131 289 1377
2536 210 59 2534 2424 313 706 378 903 288
196 14645 697 2320 13454 14628 1854 5423 544 327
3171 173 67 9969 1098 333 298 8657 1244 16961
1048 4049 207 154 1735 4275 2741 516 8937 1451
859 1424 8109 1633 2424 525 5076 2104 458 1934
1244 985 14087 14089 2490 704 300 7794 18658 1045
67 352 4568 1053 2130 47 816 2176 689 16388
1812 920 1118 4179 16210 15709 162 1936 4616 2983
3299 10628 7427 89 14148 680 299 680 1119 2771
2075 3288 535 13440 6733 1808 425 6120 6945 5020
4617 9386 6619 2179 6618 498 464 3888 30 2544
2835 1406 289 378 89 1343 3700 6202 814 525
10548 2097 375 9013 1770 295 8713 9981 429 320
972 2562 15809 8676 15808 859 18397 6177 966 257
962 612 3258 1164 735 600 10123 7776 3859 72
3341 3343 619 3352 3361 89 295 8390 709 207
300 982 289 89 1160 11760 691 217 2567 3462
230 3548 3200 2214 1557 3411 2352 1678 3693 465
3462 8409 251 641 12924 162 210 2081 65 4436
4558 3859 8047 531 2092 693 6074 161 425 7047
8344 28 8343 8337 6258 3725 233 641 1122 841
1125 14959 14978 14962 14957 1246 56 2544 333 3389
6039 1990 420 6038 237 6127 4313 4347 1512 12136
3102 7284 89 318 7289 12003 5709 1344 5366 154
644 541 4767 498 915 13854 354 1048 1390 212
3114 1511 220 355 750 9242 6797 15029 13218 2938
3606 2454 2457 679 463 6603 707 2788 1044 18397
4705 1590 686 289 316 226 488 455 81 229
3097 4708 289 488 378 13908 15268 190 4165 14833
1179 1755 13935 920 812 234 8914 161 10307 706
8471 2605 1941 503 107 1934 681 12318 1376 433
7406 226 250 730 418 2444 951 1684 4975 768
159 6926 230 65 683 6414 3693 3373 681 8412
190 227 2277 1109 1151 16405 1320 686 291 306
689 548 690 328 306 1054 816 16771 220 3431
198 1186 779 1192 1196 604 288 2446 307 3461
16776 8850 792 3497 790 8192 16206 575 6247 8589
718 8665 377 198 8422 291 298 1639 304 98
173 2083 463 13634 233 5355 6911 500 464 3693
4096 228 1181 2051 430 1507 466 72 16203 56
89 7431 378 325 291 477 11695 3075 1106 1372
7096 518 1705 7106 679 12760 488 528 868 5847
1673 318 299 858 4548 1515 915 707 1895 1639
3244 6812 503 6817 6816 1364 1347 10209 1400 10063
3046 58 1787 4052 3164 1303 1763 1122 1661 4814
1109 18689 16122 18692 8699 531 289 2906 3404 1379
10989 1935 287 2515 89 683 1020 2277 1866 10969
8558 8545 8560 8569 8544 1639 11885 289 9144 7356
183 14677 1897 14667 14680 293 290 4404 1332 475
456 344 89 498 303 2031 1084 2210 4271 537
233 228 10390 3733 10389 45 6476 3238 2666 1167
283 4710 301 304 716 17217 1244 1075 623 333
6410 435 433 423 615 632 161 288 6503 959
302 342 1377 679 908 2024 730 511 3673 880
4705 686 535 298 310 378 6187 63 166 5775
81 227 65 707 9818 1400 486 13460 6594 4562
1242 718 1048 2902 1244 161 89 18201 618 2070
173 429 440 969 450 89 13351 6930 533 746
1048 701 227 989 4434 9582 2834 234 8111 1631
6262 1447 292 58 704 464 10460 12509 1186 6771
525 982 220 207 2277 538 2080 487 461 10660
228 3240 1048 982 959 11548 13860 55 217 154
1401 210 978 808 2366 5966 396 3859 692 1384
227 212 1709 6184 6048 16100 12085 333 806 498
792 2080 3176 4489 344 697 441 3280 3791 5312
465 2523 349 293 6543 72 3071 909 221 4316
632 1390 5926 690 184 9961 1639 7776 317 8291
3393 3376 318 481 320 11533 1023 1378 1645 328
238 230 1534 3886 1295 863 17093 5488 194 3637
157 2562 1810 959 1014 11810 441 289 342 6409
757 3399 7945 693 8674 1455 1390 868 1589 2343
472 6596 471 11728 5111 2542 157 89 306 10103
7 3579 3577 3572 304 1400 182 1400 163 2786
4385 1449 1243 1061 1983 2850 391 96 1072 294
5420 2938 863 993 1001 1412 4564 1192 4044 9417
2453 2451 2460 2439 2450 344 89 288 528 2938
10994 932 7107 3427 2038 8452 18064 511 4434 802
3724 15763 1717 1229 15754 1601 291 8047 295 1518
107 703 12000 7324 227 2352 6267 547 70 857
4595 1098 1396 4600 84 323 289 302 918 1412
8690 6957 679 1413 533 3396 2842 1934 3121 2096
2744 6547 8350 6382 512 5676 2668 13348 11790 10761
154 526 170 903 530 436 12419 12339 2179 16466
2312 18666 18681 18684 18694 3739 223 5911 8951 55
154 1705 6823 238 10521 1606 886 288 24 5841
687 377 1181 403 1186 18054 1348 234 289 306
1161 961 1833 1892 7877 1017 766 10703 1378 154
481 291 1470 899 3489 288 2463 982 295 4656
1790 7140 3264 190 200 704 3938 7096 301 13333
735 9534 920 234 2013 1602 5468 486 300 705
311 517 378 220 475 2289 463 15449 3628 18523
3712 65 6291 1244 302 15027 475 222 11111 2042
1703 3439 1534 2481 3436 71 562 3019 2853 4155
5151 163 5154 67 5149 2920 72 1977 59 227
11056 184 471 89 13539 2552 4728 554 72 17421
790 13550 701 3873 641 9231 1159 386 72 228
5547 13559 6756 1747 3411 293 1082 5978 225 1396
1185 2204 2192 682 300 18677 1375 10430 3769 377
1369 176 1351 2029 98 320 65 477 5626 1975
288 3397 701 2091 1441 166 1522 367 8079 3748
210 12292 221 1151 6789 1103 9386 1369 1014 2535
15593 2531 429 17886 898 1388 572 5449 292 518
905 14632 51 14642 1882 317 207 291 2619 8468
5444 233 2375 198 7051 3517 2498 18015 3724 982
1118 3616 1375 2206 3614 982 225 320 429 11719
949 503 918 3806 2009 1013 582 2080 1795 328
257 3393 7451 285 523 432 3198 1244 8600 1349
1026 318 5307 704 532 917 2801 466 10555 14609
9766 183 70 7079 447 152 544 7470 377 2309
918 2300 6945 2304 920 526 1281 752 9862 1206
300 1873 228 328 461 677 16002 2945 7066 4317
528 1428 701 2548 790 11513 2983 15028 6298 4273
2781 2784 10451 1372 841 1097 4436 289 618 641
300 703 757 167 5152 288 59 3778 7868 349
187 2554 1014 554 72 1048 193 923 646 225
1019 1004 905 2935 1892 5327 9980 15117 425 737
67 299 534 790 203 705 2350 13951 18424 3149
526 93 1062 1065 11630 951 3735 3187 914 288
982 89 526 2128 295 2838 6416 936 458 6414
1045 2840 6132 289 693 15 1073 228 1953 157
709 733 464 2179 630 3438 9638 857 15416 15768
815 978 3547 41 3559 748 599 8533 461 4123
6249 2843 517 978 519 2430 1788 227 291 4955
512 707 295 97 706 456 1734 1375 7287 1106
412 6348 961 1983 207 2478 190 2634 511 856
8843 251 1411 7427 13999 787 289 8496 1195 3769
1950 1973 1954 107 1963 310 2343 9108 203 851
533 209 732 1369 1376 858 3302 34 14208 418
272 280 270 266 284 1886 9552 18228 3200 1339
15102 2919 16696 238 972 2054 295 67 1358 3078
9927 1360 868 7 163 3304 1963 89 4171 697
64 530 532 13007 7071 5720 707 163 1976 2524
13516 2531 629 5414 615 2925 852 982 310 439
617 734 580 3776 8837 903 16803 5093 12982 292
1620 352 9913 306 459 2486 748 362 13225 537
599 487 863 1366 2784 1672 5316 154 846 518
498 209 291 1854 786 612 15395 3946 1044 679
7 968 1410 503 4772 289 300 955 222 1195
299 2018 293 972 3057 1406 500 97 1375 17956
8638 8627 8632 8631 6228 14303 13416 871 393 1037
3462 67 17959 11084 2086 15291 1980 309 2277 2094
1126 5526 5691 1111 2787 924 14278 236 152 5996
300 701 1032 299 386 1705 2179 315 8348 3694
5680 11404 65 9986 198 15920 734 604 290 12201
17441 2681 2158 4316 206 13664 701 453 70 5969
17879 2086 3674 9116 1001 306 949 1034 461 14901
3266 6291 3915 7044 167 785 9257 257 1194 4431
13854 13859 13863 13857 13856 986 815 8118 356 1639
56 1715 512 1709 1702 7223 912 2091 292 436
12794 1201 2430 1045 12792 12765 3410 2276 89 8728
2538 1001 163 530 96 4504 5079 15507 81 4189
1260 4154 710 1276 942 906 159 230 1886 1100
1206 226 2723 5638 5645 14670 1249 464 2128 5299
6288 1935 285 89 517 1239 3286 154 14589 707
162 2716 12114 437 12979 562 637 1545 5749 191
12548 12410 18085 3797 17685 4486 16179 3739 2094 53
3557 458 735 7500 1874 227 300 1125 5022 3992
1648 512 466 229 209 199 1390 9981 292 9235
221 227 3475 1376 3386 912 3360 9649 472 161
378 300 295 13284 1764 3575 4115 2179 1043 1231
1375 930 8707 475 814 599 541 3132 2532 2049
6151 6757 5628 17296 7683 56 7848 349 89 704
3171 10327 293 1048 3749 2179 288 67 2786 720
6594 4104 7 198 1351 689 1694 157 793 250
1641 228 9914 7259 301 233 295 217 220 233
4306 1075 99 1001 56 913 8182 5525 802 1465
1529 1528 949 1530 947 6048 11539 1669 5267 3317
298 377 701 65 302 874 854 441 5879 299
5288 4706 5270 1447 5293 4608 4325 453 6542 173
845 210 217 3944 2172 96 5883 173 155 196
8549 229 1639 562 733 13063 17549 13937 1470 288
14318 16134 6824 2775 16136 318 514 923 317 295
16390 3817 2699 6439 517 16926 787 56 328 18029
302 333 184 161 157 4823 154 2661 3258 1609
5679 5071 3036 327 808 978 3375 768 690 5615
1983 154 4865 858 7644 528 55 152 2775 554
2372 1632 1274 533 18577 11905 1246 7394 7382 12396
1244 9303 7935 2459 6703 3504 4079 16748 461 7791
599 289 288 310 59 229 1640 196 1688 15135
6250 490 299 300 295 4387 5970 1135 6841 8718
4223 4255 229 4262 481 14676 292 9834 15391 4451
67 3173 543 289 283 17557 706 56 1402 13540
203 1414 221 432 1090 2699 16570 5264 3865 618
406 2088 1130 10937 10935 1470 1804 2990 918 3827
518 1375 3409 159 1376 3176 456 525 1456 11079
6739 17882 157 67 877 11063 3279 951 2738 3197
1790 511 546 173 6453 447 1296 1687 13137 302
5358 151 4865 5360 744 2766 11113 9048 3197 562
1360 1412 7423 952 954 300 3417 734 538 55
167 310 790 288 298 1510 323 3920 2652 2936
8710 206 2708 4260 2277 4037 2785 523 291 11524
157 8384 918 1180 2797 536 6724 4492 632 418
800 674 476 289 701 2661 907 718 2489 1713
1677 2526 331 9681 295 1406 176 4252 333 5977
3703 440 1957 3688 3696 466 184 14267 226 1369
288 1186 190 67 486 907 378 3239 1054 88
11852 604 16406 1396 1975 2395 302 618 8658 705
714 466 328 542 289 17545 5074 1104 11306 159
190 441 3993 210 716 503 3397 4716 17849 11200
6758 1418 175 64 418 481 1201 12195 13418 288
3548 1504 16595 1075 233 1778 9153 1401 9545 2678
971 790 6529 1400 980 952 157 154 1556 727
3400 1972 229 10069 3859 8454 101 928 227 331
12139 610 2176 11652 2247 16704 10804 459 8244 18130
6830 748 2470 3354 6826 2531 868 1222 10630 1689
14509 19 1019 14510 37 3543 1200 686 193 815
3765 1038 257 2467 534 17 1052 1104 12696 7256
1680 779 3247 7 518 7348 540 320 7324 12023
12325 12320 206 1708 4655 748 2523 875 10343 2569
17152 1378 230 10564 17149 2509 802 706 959 515
1055 3648 13026 13022 4572 1639 9702 779 2071 1366
278 2179 8190 292 8178 8706 3341 632 157 2091
278 2229 2242 2237 1979 4649 300 4863 234 543
206 1376 620 416 154 527 15657 7354 437 220
461 2521 300 289 464 966 1709 11581 72 14599
188 217 982 785 8348 8122 72 298 1513 88
3473 1810 14308 4333 14309 15665 2572 190 1300 329
300 486 704 966 171 310 80 56 65 1116
485 1433 1051 1042 306 12576 211 1001 1037 234
5902 922 1639 4680 3470 10652 77 15081 288 10805
190 972 378 3737 11155 1206 1303 301 292 328
576 959 3481 5452 4095 689 2551 425 9242 5714
712 2031 10017 61 533 2426 89 10105 405 436
850 2062 2618 1931 507 331 6348 10374 524 17428
12081 1425 2936 378 1249 1040 13982 1089 8643 12138
58 530 722 4725 532 13133 8747 441 182 2289
1713 6241 6242 6237 6245 734 947 903 6741 486
830 486 1868 2961 918 466 16235 954 6463 17161
1609 1351 1510 614 207 485 10418 362 1098 2928
289 544 669 7864 2184 12426 903 5572 998 871
288 4828 4561 646 802 1186 3703 9627 11890 1853
7076 7893 691 7897 875 6132 52 8477 1744 3993
2372 710 2346 707 937 1303 701 1400 4605 1095
15 7115 4270 2963 2654 4871 2944 196 4770 99
1400 220 704 461 403 1295 972 11614 3396 703
5249 6002 528 349 6004 1901 163 11802 11636 9125
945 295 1474 1466 300 6463 540 1833 471 15689
227 67 5790 207 689 2475 2343 162 424 7834
6658 6665 6657 6159 6655 4354 250 455 333 2493
1872 1922 291 1375 316 5236 918 2531 13431 9585
486 543 548 701 915 6165 5775 321 3354 454
599 10388 10380 65 689 1183 349 2385 11387 1394
12035 326 686 15536 13740 997 7322 889 190 1807
306 687 89 802 4708 2855 403 4853 3411 2360
2502 1358 681 1243 290 195 2829 4442 220 4316
997 1083 735 96 193 1239 3048 238 1090 209
13460 690 306 1456 55 9461 1426 386 982 998
192 733 2636 2639 2424 1458 11397 461 1122 16192
207 3892 1954 58 237 7258 3393 86 1451 17010
163 16099 9843 3146 4062 969 300 370 5911 161
1382 3258 6302 2640 4432 681 2886 1954 344 5358
234 190 1277 4226 237 173 333 76 298 535
299 966 293 344 321 9142 706 472 6200 1596
1220 857 14076 14071 8126 3669 7017 512 813 1201
486 8 3367 1185 1196 220 5439 9158 176 3458
458 333 484 691 321 1249 154 2369 6612 1358
585 1416 6076 3065 8545 461 1755 498 7091 8325
2541 11746 4384 1947 3730 298 954 1400 7086 154
915 89 289 544 354 7557 3447 2496 13645 14444
442 2541 14217 444 418 4316 2851 679 9927 157
67 485 293 279 701 383 1710 8991 283 1707
707 918 3204 163 4342 8028 1151 704 792 5988
288 89 283 67 299 13104 9460 6453 15146 1350
15075 15076 70 8868 15083 366 2962 534 9804 3501
289 790 190 1098 89 9815 2800 1451 863 230
1425 1868 13139 412 3779 17126 1796 291 2279 5009
257 265 2019 959 300 722 679 3462 604 14499
7982 7974 7981 7950 7987 342 2443 344 12659 190
1681 378 328 3384 204 603 159 220 787 430
16885 6391 16877 4821 4129 930 1379 17117 1090 461
3084 327 1044 475 517 186 154 11181 5423 1936
173 72 5235 5236 697 774 2369 32 288 12012
707 2018 748 239 17915 12393 2265 436 2531 464
257 3324 3081 321 972 3746 708 9542 222 949
418 1717 1727 1748 1746 18681 2410 18689 1190 157
173 2498 544 386 2607 616 6179 2747 424 4471
1517 4223 1182 504 6191 386 1858 978 5453 1379
229 72 2531 614 3413 920 2204 17960 2139 2788
1410 11995 302 4817 4024 875 498 11695 458 712
1455 299 289 1459 310 1800 13741 1001 7009 410
10011 603 418 137 749 770 12206 3988 161 512
10967 524 1041 10965 536 599 1866 5135 458 986
386 1051 265 637 89 1103 889 1455 599 472
314 465 291 333 906 389 2914 1116 2799 10184
234 320 1580 300 554 503 65 2938 3423 1131
1624 1617 1455 1630 1622 818 12 67 288 577
320 288 465 1598 1589 2926 229 982 190 89
500 779 371 1541 930 562 1543 890 67 13385
5310 288 294 679 547 701 1109 378 378 3747
420 16204 14169 16198 3531 511 493 1709 352 306
815 2586 830 2168 805 1990 1348 3290 518 1120
843 2369 918 768 1099 1709 8335 12960 6086 233
11350 67 11338 10130 55 84 13131 1681 3980 9363
306 1470 8372 1414 10628 288 883 288 13670 190
1515 4706 333 190 841 701 2580 1343 1090 734
731 174 439 15250 928 1043 289 10613 294 6234
302 789 535 89 803 17999 10223 1240 468 159
470 159 681 5065 486 453 2339 233 13046 72
786 314 911 290 311 126 1645 5488 2210 58
4591 4595 2252 276 4599 2973 15498 5537 186 14269
857 1360 3741 7 1249 1974 3110 1426 1014 8492
58 756 4134 54 3430 952 8707 228 15470 5486
1464 1425 154 959 14394 2595 14528 5333 4792 1084
4059 210 190 533 4068 486 1221 196 176 486
405 907 294 295 7846 13905 810 2552 374 6533
166 7638 200 441 187 1673 2602 298 1004 4074
2094 344 1511 2632 930 5460 1502 2929 4069 5434
909 912 293 910 543 12158 257 1091 3921 4811
8065 997 370 1414 8070 5267 333 14739 484 157
1246 7267 2475 562 197 2549 701 1979 860 207
2379 860 1369 1044 2342 349 4495 6611 790 14435
4471 498 5588 3393 499 2343 157 4446 6097 5537
65 1098 7079 691 1181 300 2151 2226 11958 84
427 190 859 9631 14357 11871 394 1384 6726 562
17775 17764 17763 17761 17770 906 157 75 10427 10429
4821 383 412 1044 5939 607 13141 498 768 7179
3097 1874 490 221 371 1117 2673 318 455 3902
89 289 310 325 907 107 3171 3740 2852 285
6730 7074 8663 4356 383 9567 300 229 17716 230
205 9346 2346 860 1810 13617 9728 816 3200 10363
296 307 308 461 326 251 8275 4223 14169 5787
562 370 1143 1535 706 14524 8710 3319 159 325
55 18549 2934 535 701 3201 1384 67 6282 1231
533 1094 8701 65 757 735 34 722 535 15664
16419 2624 621 418 3003 349 2191 9711 5697 2020
289 1104 306 6133 907 1182 11062 2735 2925 2990
9132 969 4435 3259 10110 714 3397 1885 289 748
4918 6075 25 10222 599 2532 903 458 3317 3930
65 978 11937 11170 498 288 875 207 289 89
2130 89 9277 329 7194 8072 441 4765 868 1974
292 157 331 89 72 408 2080 10075 6591 5405
9736 1009 898 9743 455 65 13725 11784 466 9092
1720 81 2624 744 9206 475 718 5948 299 1400
170 881 1206 1520 233 12804 7864 2217 412 302
72 306 601 13015 1150 522 3201 1270 210 918
4502 1196 954 3549 4510 2637 744 7856 1810 1426
599 1106 7650 728 8267 15098 3920 2375 1384 5074
4849 614 810 930 3946 1633 908 296 2446 15742
167 2977 701 970 790 4246 2442 464 498 13968
10523 1965 16755 7466 1824 4115 10849 1249 10317 4473
11581 13213 6253 5526 496 333 6497 3299 306 619
461 709 532 540 2546 3739 2467 316 173 913
2133 6137 220 1463 3745 3694 12750 11066 176 3613
963 15702 4880 377 161 10937 298 2850 2344 1974
4262 8473 1868 1192 537 1094 1216 1464 17811 3475
868 234 1411 3481 5172 257 12102 2139 6811 6200
295 55 310 3557 182 498 333 10248 4124 152
903 1452 301 1673 328 5484 25 424 17429 4747
65 377 328 1377 6007 14775 10248 965 748 3200
8713 3747 420 17535 618 1868 4969 291 7579 9678
293 1449 333 309 1241 212 1186 10548 5985 207
715 18607 1019 1249 1802 683 295 2847 1520 3735
1090 159 712 203 511 709 547 7676 4641 757
703 207 1966 5310 1418 14705 4871 9621 3397 707
859 436 187 851 3902 3075 295 525 466 1447
3196 2961 966 7635 472 7498 1042 1870 1110 289
864 2686 515 1253 11087 12431 10693 854 1884 1104
805 815 2210 8294 779 338 396 3298 6376 545
3196 544 466 72 3198 227 3950 1106 1400 6562
10552 2086 267 2132 1969 9727 1416 2069 13832 2548
12192 376 3373 5592 2427 7594 2818 2339 1195 163
2959 18511 13147 1151 548 16420 3684 9315 2454 3333
1169 212 1177 444 1170 1390 6501 234 1035 300
424 159 917 270 220 12766 2149 757 1187 732
621 4316 903 432 2375 289 2146 562 5098 2343
10272 10270 10255 2320 10254 6595 199 3198 184 227
1974 7414 1099 2746 6 5487 2347 2226 7736 4449
154 421 72 229 2815 4561 333 2579 6548 1709
1042 300 458 1047 333 706 2129 3940 917 5750
475 327 527 331 278 8186 374 4448 4038 159
2493 918 922 3624 220 227 701 191 4520 3127
5732 3193 1109 5733 5731 511 704 360 5090 1534
317 279 302 257 3570 4037 2610 7343 199 4662
1295 4872 16 504 173 1664 3351 356 298 4069
5974 9299 1246 55 326 3464 431 1114 18255 6566
207 701 525 3110 5745 173 1059 714 728 45
1747 6159 12197 1731 215 618 220 4458 6397 55
67 377 542 3200 3367 16131 233 11341 6098 3929
475 306 333 299 257 2661 1957 7487 1934 1803
852 878 861 420 863 288 154 2677 295 3645
18050 18038 18054 18044 6755 585 157 5119 7022 196
601 51 11725 192 3313 700 13223 1145 6069 88
8474 8476 8471 1228 8477 2461 12828 486 475 497
861 18025 1376 964 3707 1195 918 298 154 296
227 2131 5928 1099 17842 3714 701 257 3474 306
7240 7209 7223 7210 7237 5672 528 176 2237 320
4099 1239 2851 88 11121 994 868 4265 13430 3944
459 67 155 540 257 416 7663 40 317 5022
609 221 207 441 222 291 228 18468 1099 6730
300 295 257 484 296 1090 1375 220 1110 5153
206 1797 1179 1375 9240 412 300 1590 482 2853
14934 14942 5205 769 2828 703 1065 12651 56 99
466 498 504 157 500 7988 7419 3528 3856 1244
12583 7319 13888 2362 13881 289 681 89 67 2304
67 299 789 301 310 2531 227 5203 1418 227
2970 2765 18467 18465 198 157 6860 11379 1243 318
12453 12459 12445 12447 12434 1934 7470 2916 538 1412
12561 1597 455 300 333 7404 528 526 851 6540
3093 2352 1866 955 845 325 1186 7 377 429
2038 2746 198 2740 1044 1832 6953 1510 12407 257
296 1703 1714 1534 7 4562 349 1958 1672 3458
3317 461 466 1047 5678 7363 2661 3393 797 12969
540 14178 14166 3703 14159 2134 3001 1047 15753 1273
331 912 294 328 915 333 461 440 18278 7159
3057 4616 544 4553 229 538 2971 193 486 11018
96 2866 2842 2882 728 8713 450 837 1522 5416
1912 10237 2102 17727 10244 11032 489 1672 7701 13373
230 1681 705 10713 163 712 1114 318 1344 298
959 3878 292 261 1081 6217 1404 964 475 447
1704 6872 4800 11087 17232 1464 51 2453 966 6052
980 526 679 680 1481 875 3739 10891 3688 2894
544 349 311 300 7864 4465 7551 15415 328 475
1409 229 300 327 320 432 157 1458 2616 217
6351 750 3057 220 4402 1713 344 11655 1378 955
12955 12947 3092 12957 12946 1944 310 3112 2580 1793
1358 1104 868 152 726 344 6346 187 1846 604
701 291 364 585 3583 697 4830 3575 501 910
1241 288 67 8371 89 5534 2075 1866 588 1998
1118 486 8659 229 7177 1100 12286 257 733 690
1122 1470 8268 4830 188 867 5335 13 3057 310
4560 318 6428 306 1453 8459 1410 13530 8654 3859
1521 17175 17174 928 5689 1457 491 1098 2988 291
857 1414 511 959 716 1183 535 416 1934 67
1406 3739 7708 944 706 1441 540 4432 187 14586
227 1098 854 538 1400 456 1376 12415 6686 5000
12309 7137 972 2044 342 545 5315 701 154 1974
14352 416 2600 2538 427 212 344 533 1375 896
1407 57 5183 3121 1824 518 4732 790 908 428
543 1596 3177 686 257 10590 12758 920 7878 419
2277 89 980 318 532 10111 159 15216 2586 154
4201 4941 1093 1231 1048 1513 1079 852 475 15888
9701 757 429 533 1048 614 538 1969 907 2451
511 1089 512 198 733 8536 6151 1384 1620 1083
4876 6879 19 6873 861 2847 6161 1444 300 533
706 1358 2363 918 732 7342 7900 957 2544 998
2646 5977 466 5465 6856 3369 4800 3747 11635 3225
173 428 5781 225 190 3264 3774 12222 1206 906
30 159 154 1298 1886 11038 686 5838 2546 466
920 607 4369 2797 1358 3767 203 466 2531 233
2071 461 2063 2066 2065 14124 6583 707 917 969
1851 80 1837 1846 1849 7120 2584 7636 498 1609
7147 9333 607 9344 9346 686 3959 306 193 2068
1703 3431 3442 3446 3449 299 1409 5262 6759 210
292 1601 89 461 1580 5140 6901 7887 5307 531
1239 2493 7081 7 163 400 649 2373 1732 2094
5531 2939 161 328 5536 321 3341 182 190 2988
222 716 599 7869 1504 498 316 4384 13815 917
461 333 1047 320 466 15 2379 1425 3027 2608
3110 418 288 265 300 2531 2095 8425 228 11679
3332 220 3373 173 207 300 203 198 3338 6267
518 2018 292 1377 488 8141 276 45 2745 497
1389 14469 14466 200 4451 14912 2454 378 13260 1912
13183 16607 72 12552 1075 511 70 4137 2984 1943
89 913 498 2082 1243 1444 71 455 599 65
13433 3373 497 13432 2661 204 1090 157 95 199
88 1965 11200 744 602 3749 8425 2579 342 11504
1705 39 15298 4044 830 306 316 524 2071 7781
2624 2632 202 212 230 641 1414 1811 1243 1109
1601 8006 5731 7997 8005 892 2020 7100 299 3397
501 2661 65 1131 1378 4196 599 2990 1118 317
2906 6895 8181 8174 8188 321 2006 310 972 226
72 951 17332 474 17330 466 1400 1382 2236 331
1653 1655 720 1642 1656 3797 679 7371 679 1093
2391 3865 1009 7846 966 6742 11667 686 562 10254
1027 155 1895 1072 1885 239 2464 7194 292 288
796 325 701 802 789 6659 203 196 501 6284
229 3941 4069 425 450 2797 832 2083 769 3707
2558 3920 4974 2183 679 2923 6209 1180 3081 300
1213 6217 6780 159 3280 6106 4064 220 11662 316
4188 2493 3444 4194 13969 797 4693 812 1947 291
930 3763 318 4767 701 10009 500 2796 18026 532
318 328 2094 302 316 3470 429 3308 2005 1650
1090 11181 227 432 11179 3870 843 10259 1637 2176
715 3896 15776 15777 2458 1414 1185 296 295 12846
3502 289 299 58 906 9737 2858 349 527 12360
1104 302 13025 291 1351 126 1854 1110 1023 9324
1705 1118 181 65 230 161 1986 4807 507 290
1415 176 6541 1132 1027 7096 5358 475 15 2661
9144 1707 9146 9145 3454 439 5383 4165 618 217
14778 2824 14744 14776 9766 5101 72 1360 207 157
65 1412 857 163 3700 8702 192 16204 1013 12166
1410 192 1795 951 1400 1468 15525 503 471 1415
10686 7117 2785 2787 3480 546 184 3780 203 1195
10227 2086 10237 5089 10230 288 300 5789 1126 6181
7658 686 913 1782 325 706 7187 8365 8821 2206
6722 728 951 5772 1513 3386 6566 4023 2018 920
198 2006 851 206 920 535 18340 11407 3200 646
15180 13221 886 198 15182 299 182 450 906 1142
86 481 17463 2524 1689 2102 12253 4188 342 1055
2463 1005 3482 6920 9437 3071 289 49 2580 2039
9699 721 13585 618 4123 13714 841 9278 9353 225
841 67 292 538 439 1072 5810 982 1580 1352
535 355 325 326 305 1678 792 1 2608 234
7141 986 7128 3302 7131 17750 3710 1958 1242 9289
802 1475 299 468 457 6086 630 4782 1456 1239
466 377 701 1429 2025 332 511 17254 691 690
378 2973 5833 5837 5836 525 959 3019 13345 1018
4703 67 302 456 320 525 690 412 296 2786
13600 441 228 13602 56 706 7832 2343 289 466
6244 1713 72 758 3916 13369 6113 11978 777 70
2460 6217 227 4818 187 724 290 294 1401 930
3187 10967 788 1432 6529 4290 785 5662 1580 9961
292 1681 546 344 689 1038 4177 972 2983 220
3264 436 1844 601 2531 18253 1062 3999 154 724
5065 4262 488 209 500 18012 2811 15762 455 612
1243 424 229 16409 548 11849 1971 2352 1447 8123
4564 352 295 7868 302 2425 6237 10365 310 441
11420 344 2923 11415 1947 12403 4579 2829 2347 190
3481 2343 2834 630 4180 9709 525 1452 2594 229
1377 14887 7290 540 291 2025 4784 8108 72 706
4196 3200 163 3340 199 2344 4971 317 1990 18129
537 159 3739 424 226 1673 6065 3097 7396 1447
1681 295 535 258 257 18706 5836 4702 2788 812
3404 526 466 2433 5752 1035 1548 10156 15791 298
3074 1241 15156 3462 293 8868 181 1515 55 1740
367 2099 2093 393 2089 12678 9825 4633 1090 10579
14343 3720 267 9692 14366 5988 874 297 217 3777
7295 7311 1401 7 7300 2818 8887 434 163 11484
1104 3196 3110 511 75 2923 12254 1752 227 188
13279 6760 65 13277 12287 306 2702 2579 10430 1037
9040 67 9014 187 9039 718 227 186 523 16017
1126 18697 4972 18681 18668 2871 308 1879 2771 11427
959 1242 1243 489 333 12426 169 528 59 14271
6732 72 6241 1018 7346 229 220 67 681 533
8802 1098 157 11632 1104 15454 544 17948 1459 2661
403 1062 199 429 1089 85 300 4872 302 4675
14352 418 427 715 3730 5266 7601 7431 2176 439
292 1044 978 540 3411 3354 2667 8859 972 317
768 6025 6024 6011 1191 6385 4334 228 3882 7077
18003 6217 221 11253 14359 4126 706 972 207 344
949 1065 238 3288 3502 163 11788 321 53 51
10080 72 533 535 689 3084 4177 1104 4636 1768
301 51 351 5532 455 3341 2444 1718 952 687
55 289 333 328 298 1954 10237 7 961 273
230 209 5978 4489 324 172 2080 220 16572 89
1089 288 6539 316 65 497 182 1047 239 331
2446 8829 1131 1971 961 7250 196 4826 163 1090
859 9206 562 12602 2408 466 51 344 89 3109
299 296 288 292 294 52 617 18038 1518 329
825 13680 6289 7003 2432 5897 1155 230 1047 8857
464 498 959 439 4846 13028 377 8812 318 501
13713 697 961 1687 316 9599 2447 10776 10898 333
14248 15967 1109 64 14945 735 227 1277 706 618
706 461 1400 1243 298 418 4480 616 2174 1104
396 1249 6536 708 498 15167 1073 856 65 3057
525 9259 3397 257 67 1747 13312 1378 1192 693
229 421 412 1241 190 6730 1372 15241 11106 12496
1005 13158 3920 61 13157 13792 405 157 484 7656
16351 207 228 3945 3084 4129 55 18146 1470 5039
2044 1833 1427 8861 8845 17261 2726 99 55 5934
1464 15829 6756 300 1244 4994 703 6764 1089 732
637 466 296 465 325 6048 2510 7107 1203 5088
1901 1631 4784 88 56 1299 238 386 3997 4316
1038 486 293 797 2981 3185 3369 2951 6583 16392
11892 8680 3890 1131 632 517 329 6948 13294 5350
14687 1786 14694 1706 8258 1041 13721 679 737 17519
89 1459 4562 344 543 227 2404 4573 7258 1145
298 300 55 89 1379 1886 2398 2632 11385 2265
84 11181 7665 632 4079 837 424 4920 1032 4113
2416 159 65 863 1097 722 4104 227 288 972
614 631 159 627 603 2435 1119 300 1836 920
462 3576 77 465 299 9838 265 157 1415 2083
1447 499 498 4177 4471 77 227 346 646 1469
1406 1394 1409 903 154 6012 3019 3599 1195 15151
377 1185 220 159 234 154 1369 1034 10226 10998
173 533 429 2531 4306 540 2801 679 76 517
1150 198 1014 64 13280 13264 707 1585 292 55
707 1306 2449 1377 489 170 710 1246 2254 2838
704 3124 333 306 687 707 906 8716 6120 1503
9240 1195 1180 2850 9246 2343 212 438 4553 706
7 1632 689 10962 867 1426 697 217 1195 2027
2346 10800 6120 4207 220 980 55 227 198 5972
234 198 174 1992 2744 4155 161 1759 461 377
5198 5184 3132 2605 1790 868 930 5988 1066 190
5355 5339 5356 5351 5327 843 1504 39 3581 1936
1483 1505 324 1400 913 5089 2772 54 12565 333
3318 330 1449 1602 3317 630 1185 834 5534 4113
141 6153 1744 6160 6174 416 1344 498 1244 37
226 233 2362 964 2381 735 330 378 909 4562
8840 533 1400 231 3057 1975 1824 500 234 11896
461 331 318 257 167 312 7 12386 12495 1648
868 1977 857 176 733 293 710 1842 830 377
485 327 329 333 318 1195 154 1032 1083 6206
9391 2236 9389 330 3317 2581 65 4291 6539 511
961 4262 1375 2139 217 215 969 3269 511 12510
3508 866 56 2475 3456 318 1432 1985 4114 4811
1192 5640 4830 3043 4208 3807 89 3279 4548 14572
154 1094 196 629 1966 7180 11209 1353 2544 1075
697 289 901 10683 526 13379 10760 17520 614 207
1450 300 1451 523 323 298 1180 3093 455 4774
544 486 1375 1377 679 515 10017 1873 8359 1185
10957 1348 930 10953 190 802 1073 2940 199 9212
7525 599 190 235 9629 1369 1806 859 3074 333
961 66 423 6583 15067 3179 1415 1121 227 466
11477 1833 585 12127 9433 952 1360 620 957 1905
233 1425 212 863 159 1863 6390 1398 465 488
16701 3375 15218 16714 16704 11533 161 1613 917 10968
1918 3501 9587 5094 2094 464 16727 207 965 716
89 97 1032 475 2094 17738 8043 3417 297 229
3333 501 982 3735 1186 3691 4742 681 10390 291
375 306 2101 55 2102 15260 11594 955 97 4245
11312 19 1148 11316 2667 528 703 9746 785 2959
12071 1167 428 604 3744 468 6122 8266 3905 207
7 9976 89 290 4619 15867 3695 982 429 1459
461 1458 4814 333 293 5549 660 55 2080 332
519 377 234 11042 1122 17135 488 1408 903 295
2449 3598 5267 176 3585 8047 1556 1396 701 1202
299 295 525 257 1452 450 314 1737 3092 1971
3417 16024 16030 1001 4447 125 4463 425 8910 228
837 1044 1513 1854 503 1533 8425 1346 1067 851
301 333 288 386 55 6585 16666 8123 1394 189
4262 5426 1674 289 9636 173 5002 329 190 1412
1468 9420 730 342 5978 1151 898 7260 2531 8589
4670 1913 183 377 940 321 14728 290 300 2247
209 16779 206 733 16784 689 808 13171 318 12577
228 14806 969 230 377 714 51 14123 16529 2143
1182 2595 466 464 1444 1705 533 538 1131 2786
300 1470 292 295 1375 918 1836 2346 207 14683
913 331 540 5439 425 679 5652 461 299 3907
11139 11136 9892 518 11145 154 4457 12494 292 153
1854 930 1339 377 975 188 1643 9907 2370 4164
3444 193 198 1206 2346 2498 704 2270 4716 210
900 90 498 5072 310 9363 12233 3901 5099 203
55 798 352 455 327 6210 424 816 8168 3171
1612 1626 1620 1606 1615 298 18678 59 1776 1748
320 525 532 523 646 403 9419 7651 969 1009
706 220 707 1364 1261 468 207 1888 544 613
3123 1580 689 3126 1971 2044 2044 3333 1379 10821
225 378 898 680 383 183 3432 1718 229 859
456 479 302 461 701 1426 3043 9190 245 63
14222 295 2521 1503 3186 8564 10281 291 3400 10807
19 1259 1251 841 1284 961 455 210 1726 905
1855 15930 15928 498 1040 154 299 267 4452 2006
5346 5363 5333 782 5358 1281 4192 265 2961 75
16659 16649 6400 220 735 1418 16784 12844 59 5524
779 683 699 5035 687 97 11186 2997 10885 2091
10101 2966 821 6816 10102 300 196 2858 152 3411
155 4262 4255 159 1246 9977 6181 461 288 293
2082 291 326 305 8155 3795 1947 1090 2226 3581
15362 632 1708 15755 2542 1046 1965 359 468 2197
3420 1131 4616 359 1116 2763 65 12979 7933 209
70 65 727 4136 930 2398 5087 689 6454 2796
815 230 5247 517 88 1376 15260 3689 9193 4920
209 1246 324 679 4104 511 424 2923 6602 32
12820 14982 418 3281 1098 3266 627 9559 197 306
11113 11112 11108 11115 11094 2614 5678 1413 524 456
4828 1186 188 1339 13566 2600 830 17627 2290 709
89 173 302 9637 18 2352 6824 378 2023 688
535 5149 466 430 323 9357 16444 714 917 15814
5443 1556 1775 1763 903 405 13456 11162 3870 10063
180 1001 157 85 724 953 55 10784 2752 14065
1997 4334 4338 4330 917 7321 1513 1772 230 1198
5908 173 515 599 13343 1669 157 646 4471 898
383 4218 14110 14119 14115 8452 1632 13693 10854 290
1085 418 173 1131 1787 5255 386 89 544 436
1281 1274 1131 2767 2765 8122 324 532 1364 14769
180 1602 187 5000 906 1515 1609 5128 3569 2343
498 403 2987 681 5253 151 9208 474 25 355
228 8710 6726 428 2600 3097 6667 230 4316 463
190 532 225 4316 72 7456 863 9051 511 4880
1116 2619 816 808 377 295 257 325 592 8363
857 3400 1512 203 1239 8930 1929 14183 641 1013
470 2620 2618 1239 233 403 907 4897 1735 308
159 173 999 155 65 1110 1082 360 1231 55
2080 484 299 14608 344 3767 397 1513 460 1062
716 959 475 208 2815 8111 1081 425 4716 10964
14629 3319 688 2619 209 982 318 4814 4702 302
1243 97 1244 1098 538 152 3200 2735 757 839
314 3985 911 323 295 191 1639 230 1645 3548
9140 515 5913 1222 3201 5547 1528 8229 298 289
1450 525 328 11085 468 1198 7952 506 3511 982
1025 701 1684 377 681 676 10515 10238 488 1298
465 285 310 296 291 690 1202 326 370 8282
89 190 289 2787 88 4445 11855 325 333 2531
1918 4923 498 4918 2035 233 10738 11879 565 1740
1350 2947 2956 2957 834 13926 1067 1414 5902 309
461 2462 157 355 458 66 14512 154 4270 377
2101 707 3193 15325 1406 735 3080 1961 1183 932
217 1378 1858 2572 4189 1962 52 11739 430 18181
1243 2514 2508 681 1358 1415 1504 701 6524 2183
952 2787 2346 11499 498 291 2981 3365 562 8163
1443 325 701 787 1440 5453 6247 1643 1881 191
548 294 1179 300 332 1881 1918 1469 2975 697
3378 4463 300 1246 903 354 1105 704 3576 8054
614 7322 2794 176 1660 210 2454 982 204 9117
2794 1249 705 217 709 10496 1083 4029 1891 1897
18195 748 2605 10522 2668 1755 694 4022 548 289
5236 173 5237 610 5245 5147 1412 525 797 8110
923 2745 724 234 1044 1098 213 690 533 436
12548 1090 441 65 11155 2208 4707 17457 1934 15347
6345 12199 12206 602 6759 689 4934 1091 4318 65
5157 5828 1913 1535 3470 187 1098 7860 1089 15891
6138 624 715 4532 6141 476 14645 1451 1014 646
7966 7989 7993 7985 7980 6910 193 13211 7 70
1854 3859 7898 291 680 851 225 199 389 1459
1453 5974 334 792 5973 1914 5000 9114 390 1463
312 322 352 4713 157 396 11592 154 198 581
969 1989 447 757 709 257 283 3071 3730 13028
300 542 12655 307 907 310 6830 1659 464 2818
1807 1249 1389 851 4069 6324 176 4273 2067 10785
498 687 468 1197 2595 3985 14919 17407 306 217
2450 2441 2442 1244 2462 2627 787 857 3281 1670
7103 518 4137 972 2014 6120 679 1409 233 318
2393 67 305 288 340 687 5964 3327 8674 333
681 13740 680 701 2521 1873 863 6376 484 1866
3279 618 1389 17623 3026 2614 691 681 15814 1934
10449 1360 10446 5105 10445 1277 13793 12107 10149 10310
1032 1934 1936 332 701 229 498 3583 16184 2005
5691 5689 1111 706 946 1859 17456 488 4129 2605
1803 1338 918 922 917 965 332 455 362 67
2652 705 687 2662 928 1389 3738 499 2161 523
2018 296 320 291 298 5915 898 2094 1001 56
4488 1447 1458 4258 1684 17945 330 956 1787 12460
407 479 469 3576 289 441 8910 475 6120 199
1544 330 4814 14734 527 599 4774 1450 5157 10107
4024 7315 968 4728 7308 285 203 13880 7194 701
1089 2083 227 237 228 16955 14723 1710 9789 715
3442 3431 732 870 3438 1884 221 683 512 207
882 6830 9448 1223 2771 15725 207 5460 544 13720
375 298 289 374 300 51 1957 355 1527 1104
1178 920 1174 212 1172 13647 1601 16567 735 5936
107 6761 6151 418 6757 7263 212 2853 1513 1415
1378 8885 1376 317 229 296 181 834 1377 2839
768 816 209 1193 2794 3489 3458 1276 216 918
161 16916 7869 1449 326 913 152 65 424 1201
17472 4566 498 17471 288 632 316 500 190 1369
16961 3432 504 1086 9144 1206 2629 704 8556 206
5650 88 58 3902 1295 378 18166 17028 815 8454
824 1358 1810 190 1360 1244 504 61 301 289
1561 3997 14058 503 370 1412 7223 3621 3470 475
441 450 154 965 748 4728 1229 689 56 11455
907 9187 466 11221 2607 16192 531 18314 228 285
5605 757 622 618 4058 390 2562 10027 1112 13129
1799 9868 187 1400 865 294 5969 618 532 1824
3443 959 1119 4356 3417 10559 1415 8152 1249 226
257 2467 5150 8102 8107 1075 681 5153 1193 10041
458 498 1429 704 333 227 2343 679 1364 2029
55 1243 1936 292 546 540 8382 537 227 234
11828 11825 1859 4502 1860 512 4566 5000 12229 16452
715 206 2535 199 228 1861 2821 5883 565 1974
790 309 89 2390 291 1428 604 7325 228 8910
2096 12814 1915 344 171 11237 418 707 3302 16101
1736 2605 697 18328 73 1764 8710 11797 16052 89
440 1965 1964 2282 6910 2091 70 349 12820 3953
13525 3754 498 13519 1249 1243 11763 14480 2498 2637
8708 4452 1239 18614 3747 1941 377 2977 714 2983
176 843 34 1249 517 4249 547 13422 1186 9718
1114 4872 3057 3184 9638 300 17406 207 1510 167
2815 1186 533 5031 5029 13123 279 89 3302 895
2047 2061 2054 2056 1114 1545 441 536 1246 857
439 10969 207 1239 72 511 228 1854 3200 3322
1772 526 306 1034 1098 1193 13591 3164 6648 441
903 464 306 466 161 2605 234 344 2672 1104
306 1428 461 679 1690 1336 10017 3707 1083 471
3427 1179 11590 1044 5437 288 632 4488 6839 1432
289 1098 344 3200 528 2669 10639 932 806 2415
499 5593 333 300 1249 325 228 1512 6703 3675
333 2829 1155 288 3201 2133 4917 13814 614 805
485 318 468 55 295 461 226 1748 374 56
427 630 97 8840 429 1868 710 289 89 250
228 843 377 533 2346 6210 498 8464 2255 8224
2901 1369 1254 377 9334 529 5368 18574 298 4578
289 542 1406 2080 540 13968 1044 1978 5585 539
227 1180 500 291 298 429 632 56 679 183
1072 1055 5485 159 5482 692 1673 15218 9284 15537
10722 11463 2026 2419 1833 1713 65 450 12348 161
3317 5600 11850 16272 703 536 17814 1180 10279 4863
1888 8065 18637 18639 10403 1684 67 3442 10108 9944
5098 4155 15295 528 15300 10751 257 4165 3411 476
2094 528 2083 802 704 2654 1066 8159 14451 220
15639 17708 14620 17704 56 2848 267 543 3871 498
543 328 327 11572 289 67 5666 234 2639 1004
2665 1043 10921 1674 10919 911 5600 538 1191 1051
18280 237 190 4435 436 1803 2271 234 3200 314
5950 377 693 1854 1384 9936 977 701 56 2346
5518 5511 5497 5516 4725 5600 290 3940 464 5550
1202 2698 7908 1083 5296 344 217 1236 3065 18287
907 329 603 1408 56 16056 1969 8791 13209 378
441 1512 4623 234 436 3057 718 3373 972 1040
434 18208 424 425 1714 3200 3078 764 517 4865
512 19 1886 3109 27 4244 328 8793 11480 969
1556 518 295 310 680 11520 2653 735 16921 436
88 226 1083 515 198 3565 4504 77 300 2515
18160 18159 18170 3529 18183 5739 609 475 517 500
458 55 241 333 316 4810 1241 182 1541 722
562 9699 13586 1123 2902 1239 949 707 5160 1772
299 333 317 6429 1037 15719 915 456 1574 418
7799 7806 7796 1073 7804 1156 4852 519 9132 182
707 201 1788 533 1104 1504 12139 3030 1767 7572
1399 535 7846 360 241 2132 6308 3476 1983 1189
220 1075 190 154 237 562 470 4824 498 1094
3616 371 14327 14315 14320 10491 11274 9272 7509 2083
4562 461 306 5675 2242 10912 704 4295 63 1816
257 511 8152 81 599 306 300 544 1280 2521
8305 2747 498 198 493 727 3627 301 6199 1989
295 2548 352 701 161 1249 689 8836 6583 6257
301 291 701 542 903 485 1104 1369 307 4194
6765 769 11510 11513 1339 212 161 12253 18365 999
6120 542 227 705 9857 1400 233 15034 12982 1844
5320 227 2855 3739 868 176 5452 16577 511 2346
15894 13739 10900 980 680 288 13821 4828 499 5260
233 6014 25 40 370 959 1032 405 3200 89
2756 8625 1112 5791 16184 903 7194 1127 1052 475
3379 283 3390 3378 184 4489 188 17262 1440 18428
11617 11621 2817 441 3826 2858 1969 629 295 1180
7472 7470 6189 2146 7492 12439 154 802 842 2531
