17
1666
577
1514
932
2003
1199
690
1918
898
831
969
161
1822
2017
268
55
426
1123
55
277
1902
1284
1956
1718
1752
459
797
960
991
1623
234
1319
1324
2030
1658
702
662
1093
1899
950
1345
687
982
1942
1219
1069
376
662
334
2071
1467
347
1628
850
1010
614
1910
35
83
1278
1063
312
582
1363
737
470
893
1956
1148
1315
137
203
1776
1710
357
1239
1054
34
897
906
206
1982
1689
261
59
296
1589
275
1100
300
919
46
1322
269
1717
94
1677
473
2078
1354
359
958
1346
1865
669
57
1025
1968
877
428
1975
396
123
2053
1741
905
1807
559
1544
1504
225
698
1595
972
216
474
2011
972
62
1515
1273
473
698
2079
1440
396
255
874
668
1649
477
1892
1288
175
2072
95
1788
1799
1800
1546
30
875
623
890
423
1950
1270
929
1558
732
1299
150
1054
1424
877
1765
2095
1315
1196
440
525
561
1582
214
2041
1374
1492
1747
1847
634
1055
711
1401
94
1459
1163
1279
1404
1357
327
1712
1367
1246
704
909
900
1643
1905
148
346
349
1171
2065
586
1497
357
473
248
2011
175
494
535
1623
746
488
1165
1538
1605
36
1803
624
1280
1745
1461
457
229
433
194
2095
1311
608
1463
1771
821
244
1470
223
494
1192
1554
176
1019
375
315
794
1236
366
495
1572
919
326
624
1210
941
1387
162
216
596
90
912
1638
1395
2017
999
927
1656
2095
838
2041
1641
1083
1987
720
1703
1022
155
280
1270
1263
1265
1111
699
1356
1094
1958
1456
1352
164
869
495
1757
1474
443
1042
875
827
280
452
117
722
1164
2020
930
1449
161
372
458
605
1345
69
2077
6
1793
895
1188
1922
1073
2059
2077
1489
249
632
618
1974
324
1753
960
1891
1956
1022
1323
59
1160
780
202
319
2088
1182
1993
768
346
1952
1226
1146
1874
1403
1842
771
665
51
413
291
1112
1275
1701
1737
1762
322
922
2078
692
568
938
1245
1811
2013
900
153
1956
1319
697
550
571
1579
594
21
736
168
1558
1740
830
756
426
1982
1658
1366
1076
434
1427
1310
1011
1100
1857
1193
573
81
2097
1198
587
1397
1558
1332
343
2076
1575
1099
1158
1064
1102
371
1353
513
542
830
544
912
459
152
354
48
1485
416
1083
120
821
1607
1253
92
224
1605
1199
718
1697
721
277
1521
1357
844
593
692
1004
437
1378
778
800
68
1504
864
1207
1057
552
151
1822
1039
925
1965
501
60
385
1245
665
1540
538
782
906
1017
804
2088
55
54
273
1455
1710
854
170
955
1852
1608
1543
21
1452
25
234
1343
1098
1411
195
1109
1545
620
25
560
471
1968
314
919
1406
1939
347
1966
2021
1325
1192
1666
449
2068
628
1747
1699
2024
806
1041
688
575
743
1747
849
1191
225
1223
2042
571
1801
1214
1769
1816
1629
716
282
572
1014
355
1911
667
2083
266
1295
2096
512
1125
582
135
842
1083
2064
35
785
813
810
895
2034
1959
704
1536
328
2061
496
1197
329
1085
1906
486
23
1989
1003
602
1987
1949
467
927
1828
237
781
681
1495
1039
1325
1903
2060
1121
1131
939
107
59
1476
1371
25
2011
115
1934
870
1104
1865
1318
1429
1053
2011
1177
895
584
1516
913
580
572
1860
794
519
1508
1097
1729
283
134
1102
1019
1656
1787
438
1174
437
567
1089
1696
74
64
695
155
638
622
310
756
1132
1983
1998
1489
1421
1777
861
1245
1474
1553
102
553
1414
573
1881
56
1137
275
21
728
263
1883
1340
680
1471
933
1641
1903
1699
654
699
666
1477
511
575
865
807
514
1443
1538
1524
1892
707
1271
1608
136
461
1552
809
338
242
1273
371
1952
1988
1687
2014
920
1742
1278
961
1889
1489
1524
1546
898
331
1516
76
1408
474
397
1225
660
2095
38
480
994
1950
1729
1368
356
1981
1782
1280
1881
477
1452
1844
1194
1140
1017
1287
362
1290
1669
2038
574
684
362
1209
1727
645
1648
1017
250
1452
1035
1464
987
1979
1313
1964
15
1704
314
172
1906
665
1225
1419
186
681
904
881
107
283
294
49
700
365
934
1416
278
1596
911
704
369
846
319
1922
862
2021
355
903
1153
1502
1073
292
1794
726
497
2070
1092
951
1063
778
1851
1760
1588
987
1680
1353
1071
1376
707
519
1805
1481
1039
223
1012
929
1703
1530
2039
795
55
415
295
129
1950
1808
1590
39
1664
294
1781
1122
798
1376
1517
1638
1623
1946
288
504
1498
926
1267
729
1136
299
1845
212
1232
1362
838
108
1222
1020
1416
1947
716
1695
101
275
1447
1778
1452
1903
1002
666
1833
1348
72
338
621
118
593
1974
1857
92
976
45
120
1509
2042
431
2006
925
107
1130
1085
337
364
552
545
350
1593
1574
1146
1079
1039
90
2053
87
1607
1922
827
1305
324
295
104
72
1197
1143
1593
474
1383
155
860
1300
35
426
650
525
1833
1895
1841
320
1536
1352
176
938
664
762
1660
562
1304
417
1024
1746
1435
1161
2030
1289
1256
2084
313
729
270
74
1594
1478
1253
995
1259
1124
314
1765
713
940
431
711
1509
1020
306
1367
1720
2090
1553
497
1933
1628
899
2024
1519
307
1309
43
237
2010
455
1973
1336
2005
795
1271
390
529
124
1137
2096
1398
322
568
583
1564
421
978
760
1824
1658
1352
1710
151
993
500
